1.400000000000000000e+02
2.100000000000000000e+02
1.910000000000000000e+02
2.190000000000000000e+02
1.900000000000000000e+02
2.010000000000000000e+02
8.200000000000000000e+01
2.250000000000000000e+02
1.740000000000000000e+02
9.500000000000000000e+01
2.320000000000000000e+02
1.850000000000000000e+02
1.200000000000000000e+02
1.440000000000000000e+02
8.700000000000000000e+01
1.690000000000000000e+02
4.400000000000000000e+01
1.070000000000000000e+02
9.500000000000000000e+01
2.250000000000000000e+02
7.600000000000000000e+01
1.910000000000000000e+02
5.300000000000000000e+01
1.040000000000000000e+02
5.700000000000000000e+01
2.330000000000000000e+02
2.020000000000000000e+02
2.280000000000000000e+02
2.340000000000000000e+02
1.840000000000000000e+02
1.750000000000000000e+02
1.790000000000000000e+02
2.350000000000000000e+02
1.580000000000000000e+02
1.740000000000000000e+02
2.480000000000000000e+02
1.650000000000000000e+02
1.190000000000000000e+02
2.330000000000000000e+02
1.980000000000000000e+02
2.560000000000000000e+02
2.280000000000000000e+02
2.650000000000000000e+02
2.310000000000000000e+02
1.390000000000000000e+02
1.430000000000000000e+02
6.200000000000000000e+01
2.600000000000000000e+02
2.610000000000000000e+02
2.000000000000000000e+02
2.490000000000000000e+02
1.620000000000000000e+02
1.650000000000000000e+02
2.350000000000000000e+02
6.500000000000000000e+01
2.270000000000000000e+02
1.780000000000000000e+02
2.150000000000000000e+02
2.020000000000000000e+02
2.170000000000000000e+02
2.150000000000000000e+02
1.730000000000000000e+02
2.490000000000000000e+02
1.620000000000000000e+02
1.290000000000000000e+02
1.630000000000000000e+02
1.180000000000000000e+02
1.610000000000000000e+02
1.160000000000000000e+02
2.590000000000000000e+02
1.390000000000000000e+02
2.210000000000000000e+02
2.380000000000000000e+02
2.240000000000000000e+02
2.050000000000000000e+02
2.300000000000000000e+02
1.960000000000000000e+02
1.750000000000000000e+02
1.160000000000000000e+02
2.350000000000000000e+02
1.990000000000000000e+02
