2.580000000000000000e+02
2.540000000000000000e+02
7.800000000000000000e+01
3.800000000000000000e+01
2.500000000000000000e+01
1.390000000000000000e+02
2.410000000000000000e+02
2.300000000000000000e+02
2.670000000000000000e+02
2.310000000000000000e+02
2.540000000000000000e+02
2.340000000000000000e+02
2.090000000000000000e+02
9.400000000000000000e+01
1.600000000000000000e+02
2.630000000000000000e+02
1.660000000000000000e+02
2.600000000000000000e+02
2.510000000000000000e+02
1.640000000000000000e+02
2.330000000000000000e+02
2.360000000000000000e+02
2.150000000000000000e+02
4.300000000000000000e+01
1.330000000000000000e+02
1.910000000000000000e+02
2.660000000000000000e+02
2.420000000000000000e+02
2.690000000000000000e+02
2.690000000000000000e+02
2.370000000000000000e+02
3.600000000000000000e+01
1.090000000000000000e+02
1.040000000000000000e+02
2.390000000000000000e+02
2.440000000000000000e+02
2.180000000000000000e+02
2.530000000000000000e+02
2.460000000000000000e+02
1.710000000000000000e+02
9.800000000000000000e+01
2.660000000000000000e+02
1.290000000000000000e+02
2.170000000000000000e+02
2.690000000000000000e+02
2.500000000000000000e+02
1.990000000000000000e+02
8.100000000000000000e+01
1.940000000000000000e+02
1.330000000000000000e+02
2.530000000000000000e+02
1.550000000000000000e+02
2.580000000000000000e+02
2.590000000000000000e+02
2.470000000000000000e+02
1.400000000000000000e+02
1.010000000000000000e+02
2.900000000000000000e+01
7.100000000000000000e+01
2.500000000000000000e+02
1.610000000000000000e+02
1.890000000000000000e+02
2.690000000000000000e+02
2.220000000000000000e+02
1.390000000000000000e+02
2.390000000000000000e+02
1.530000000000000000e+02
1.660000000000000000e+02
1.950000000000000000e+02
2.640000000000000000e+02
1.610000000000000000e+02
2.630000000000000000e+02
2.680000000000000000e+02
1.620000000000000000e+02
1.160000000000000000e+02
3.400000000000000000e+01
2.240000000000000000e+02
2.340000000000000000e+02
2.610000000000000000e+02
1.710000000000000000e+02
2.580000000000000000e+02
