2.620000000000000000e+02
2.000000000000000000e+02
1.970000000000000000e+02
2.200000000000000000e+02
1.490000000000000000e+02
2.100000000000000000e+02
3.800000000000000000e+01
2.180000000000000000e+02
2.510000000000000000e+02
2.300000000000000000e+02
2.430000000000000000e+02
2.490000000000000000e+02
2.200000000000000000e+02
1.690000000000000000e+02
5.100000000000000000e+01
1.110000000000000000e+02
2.180000000000000000e+02
2.270000000000000000e+02
2.490000000000000000e+02
2.620000000000000000e+02
1.100000000000000000e+02
2.430000000000000000e+02
2.710000000000000000e+02
2.450000000000000000e+02
9.900000000000000000e+01
2.540000000000000000e+02
2.600000000000000000e+02
2.530000000000000000e+02
2.270000000000000000e+02
5.600000000000000000e+01
2.450000000000000000e+02
2.310000000000000000e+02
2.550000000000000000e+02
2.570000000000000000e+02
4.200000000000000000e+01
2.270000000000000000e+02
2.230000000000000000e+02
1.050000000000000000e+02
1.610000000000000000e+02
4.600000000000000000e+01
2.580000000000000000e+02
1.650000000000000000e+02
2.100000000000000000e+02
5.500000000000000000e+01
2.370000000000000000e+02
2.200000000000000000e+02
8.800000000000000000e+01
2.700000000000000000e+01
5.400000000000000000e+01
2.160000000000000000e+02
1.320000000000000000e+02
2.120000000000000000e+02
1.960000000000000000e+02
2.230000000000000000e+02
2.490000000000000000e+02
1.730000000000000000e+02
7.900000000000000000e+01
2.040000000000000000e+02
2.630000000000000000e+02
6.300000000000000000e+01
6.500000000000000000e+01
2.490000000000000000e+02
2.030000000000000000e+02
2.030000000000000000e+02
1.940000000000000000e+02
2.350000000000000000e+02
2.070000000000000000e+02
6.600000000000000000e+01
1.780000000000000000e+02
1.190000000000000000e+02
1.570000000000000000e+02
2.490000000000000000e+02
2.300000000000000000e+02
2.110000000000000000e+02
1.870000000000000000e+02
2.140000000000000000e+02
2.010000000000000000e+02
1.680000000000000000e+02
1.920000000000000000e+02
2.030000000000000000e+02
2.170000000000000000e+02
