2.920000000000000000e+02
2.790000000000000000e+02
2.300000000000000000e+02
2.840000000000000000e+02
2.870000000000000000e+02
1.620000000000000000e+02
1.760000000000000000e+02
1.930000000000000000e+02
2.980000000000000000e+02
3.000000000000000000e+02
1.680000000000000000e+02
1.150000000000000000e+02
2.120000000000000000e+02
2.920000000000000000e+02
1.480000000000000000e+02
8.700000000000000000e+01
2.580000000000000000e+02
2.980000000000000000e+02
2.900000000000000000e+02
2.960000000000000000e+02
9.300000000000000000e+01
3.700000000000000000e+01
2.720000000000000000e+02
4.500000000000000000e+01
2.980000000000000000e+02
2.660000000000000000e+02
3.000000000000000000e+02
2.940000000000000000e+02
1.640000000000000000e+02
2.780000000000000000e+02
1.270000000000000000e+02
1.130000000000000000e+02
9.800000000000000000e+01
2.030000000000000000e+02
1.870000000000000000e+02
2.980000000000000000e+02
2.990000000000000000e+02
2.840000000000000000e+02
1.420000000000000000e+02
3.300000000000000000e+01
1.560000000000000000e+02
2.510000000000000000e+02
1.560000000000000000e+02
2.210000000000000000e+02
2.990000000000000000e+02
2.990000000000000000e+02
1.740000000000000000e+02
6.600000000000000000e+01
7.600000000000000000e+01
1.100000000000000000e+01
4.300000000000000000e+01
1.170000000000000000e+02
2.580000000000000000e+02
3.000000000000000000e+02
2.940000000000000000e+02
2.820000000000000000e+02
2.640000000000000000e+02
1.060000000000000000e+02
2.950000000000000000e+02
2.950000000000000000e+02
9.700000000000000000e+01
2.930000000000000000e+02
2.980000000000000000e+02
2.980000000000000000e+02
2.070000000000000000e+02
2.390000000000000000e+02
6.700000000000000000e+01
2.980000000000000000e+02
9.900000000000000000e+01
1.540000000000000000e+02
2.740000000000000000e+02
2.990000000000000000e+02
2.930000000000000000e+02
2.980000000000000000e+02
6.700000000000000000e+01
2.610000000000000000e+02
2.890000000000000000e+02
2.960000000000000000e+02
1.020000000000000000e+02
1.830000000000000000e+02
2.990000000000000000e+02
