1.000000000000000000e+02
2.890000000000000000e+02
6.800000000000000000e+01
2.990000000000000000e+02
2.560000000000000000e+02
2.000000000000000000e+02
2.950000000000000000e+02
8.300000000000000000e+01
2.390000000000000000e+02
2.900000000000000000e+02
2.710000000000000000e+02
2.000000000000000000e+02
2.610000000000000000e+02
1.510000000000000000e+02
2.990000000000000000e+02
2.400000000000000000e+01
2.500000000000000000e+02
1.860000000000000000e+02
2.960000000000000000e+02
5.300000000000000000e+01
2.700000000000000000e+02
1.200000000000000000e+01
7.600000000000000000e+01
1.120000000000000000e+02
2.640000000000000000e+02
2.820000000000000000e+02
1.560000000000000000e+02
8.400000000000000000e+01
7.800000000000000000e+01
1.290000000000000000e+02
1.040000000000000000e+02
2.080000000000000000e+02
1.600000000000000000e+02
2.730000000000000000e+02
2.290000000000000000e+02
1.710000000000000000e+02
2.900000000000000000e+02
2.400000000000000000e+01
1.060000000000000000e+02
1.660000000000000000e+02
2.370000000000000000e+02
2.830000000000000000e+02
2.850000000000000000e+02
2.790000000000000000e+02
2.430000000000000000e+02
2.480000000000000000e+02
1.100000000000000000e+01
3.400000000000000000e+01
2.560000000000000000e+02
1.460000000000000000e+02
2.900000000000000000e+02
1.700000000000000000e+02
2.290000000000000000e+02
2.960000000000000000e+02
2.440000000000000000e+02
8.300000000000000000e+01
5.600000000000000000e+01
9.000000000000000000e+01
4.000000000000000000e+01
2.920000000000000000e+02
1.630000000000000000e+02
1.350000000000000000e+02
1.150000000000000000e+02
1.140000000000000000e+02
2.910000000000000000e+02
1.950000000000000000e+02
2.840000000000000000e+02
1.470000000000000000e+02
7.900000000000000000e+01
7.800000000000000000e+01
1.630000000000000000e+02
2.920000000000000000e+02
2.660000000000000000e+02
2.780000000000000000e+02
2.950000000000000000e+02
2.910000000000000000e+02
2.410000000000000000e+02
2.050000000000000000e+02
1.760000000000000000e+02
2.900000000000000000e+02
1.580000000000000000e+02
