2.540000000000000000e+02
2.820000000000000000e+02
1.990000000000000000e+02
1.360000000000000000e+02
2.090000000000000000e+02
1.590000000000000000e+02
2.930000000000000000e+02
2.690000000000000000e+02
2.910000000000000000e+02
2.470000000000000000e+02
2.870000000000000000e+02
1.680000000000000000e+02
1.960000000000000000e+02
2.960000000000000000e+02
6.000000000000000000e+00
1.840000000000000000e+02
1.790000000000000000e+02
2.790000000000000000e+02
2.850000000000000000e+02
2.970000000000000000e+02
8.600000000000000000e+01
6.500000000000000000e+01
2.800000000000000000e+02
1.030000000000000000e+02
8.900000000000000000e+01
2.190000000000000000e+02
2.290000000000000000e+02
2.730000000000000000e+02
1.300000000000000000e+02
2.990000000000000000e+02
9.000000000000000000e+00
5.100000000000000000e+01
8.400000000000000000e+01
1.720000000000000000e+02
2.880000000000000000e+02
2.950000000000000000e+02
2.500000000000000000e+02
4.400000000000000000e+01
2.680000000000000000e+02
3.800000000000000000e+01
2.860000000000000000e+02
2.480000000000000000e+02
2.620000000000000000e+02
2.830000000000000000e+02
2.730000000000000000e+02
2.730000000000000000e+02
1.900000000000000000e+02
2.100000000000000000e+02
2.930000000000000000e+02
2.940000000000000000e+02
2.840000000000000000e+02
2.850000000000000000e+02
2.390000000000000000e+02
2.520000000000000000e+02
2.570000000000000000e+02
1.590000000000000000e+02
8.500000000000000000e+01
2.930000000000000000e+02
1.500000000000000000e+01
5.600000000000000000e+01
2.880000000000000000e+02
2.330000000000000000e+02
2.940000000000000000e+02
2.860000000000000000e+02
2.780000000000000000e+02
2.970000000000000000e+02
1.250000000000000000e+02
2.100000000000000000e+01
1.720000000000000000e+02
2.060000000000000000e+02
9.200000000000000000e+01
2.640000000000000000e+02
2.940000000000000000e+02
2.790000000000000000e+02
2.410000000000000000e+02
1.490000000000000000e+02
2.090000000000000000e+02
2.380000000000000000e+02
6.500000000000000000e+01
5.800000000000000000e+01
2.750000000000000000e+02
