2.110000000000000000e+02
2.770000000000000000e+02
8.000000000000000000e+01
2.820000000000000000e+02
2.490000000000000000e+02
2.930000000000000000e+02
3.000000000000000000e+02
2.890000000000000000e+02
2.870000000000000000e+02
2.770000000000000000e+02
1.610000000000000000e+02
5.900000000000000000e+01
1.730000000000000000e+02
2.330000000000000000e+02
1.450000000000000000e+02
2.960000000000000000e+02
2.450000000000000000e+02
1.310000000000000000e+02
2.810000000000000000e+02
5.900000000000000000e+01
1.380000000000000000e+02
2.690000000000000000e+02
2.960000000000000000e+02
2.610000000000000000e+02
2.990000000000000000e+02
2.290000000000000000e+02
2.990000000000000000e+02
2.080000000000000000e+02
2.570000000000000000e+02
2.980000000000000000e+02
2.840000000000000000e+02
2.970000000000000000e+02
2.180000000000000000e+02
7.500000000000000000e+01
2.250000000000000000e+02
1.700000000000000000e+02
1.290000000000000000e+02
2.750000000000000000e+02
2.050000000000000000e+02
2.600000000000000000e+02
2.560000000000000000e+02
2.130000000000000000e+02
1.240000000000000000e+02
2.900000000000000000e+02
2.040000000000000000e+02
2.040000000000000000e+02
2.980000000000000000e+02
2.850000000000000000e+02
2.000000000000000000e+02
2.250000000000000000e+02
1.040000000000000000e+02
1.410000000000000000e+02
2.530000000000000000e+02
2.490000000000000000e+02
9.700000000000000000e+01
2.140000000000000000e+02
9.300000000000000000e+01
2.870000000000000000e+02
2.590000000000000000e+02
2.940000000000000000e+02
5.300000000000000000e+01
6.000000000000000000e+01
1.520000000000000000e+02
2.970000000000000000e+02
2.940000000000000000e+02
1.900000000000000000e+02
6.700000000000000000e+01
2.860000000000000000e+02
1.700000000000000000e+02
2.810000000000000000e+02
1.950000000000000000e+02
1.550000000000000000e+02
1.420000000000000000e+02
1.370000000000000000e+02
2.220000000000000000e+02
1.340000000000000000e+02
2.630000000000000000e+02
2.760000000000000000e+02
2.920000000000000000e+02
2.840000000000000000e+02
9.600000000000000000e+01
