2.900000000000000000e+02
9.700000000000000000e+01
2.400000000000000000e+01
1.120000000000000000e+02
2.840000000000000000e+02
1.260000000000000000e+02
2.130000000000000000e+02
2.980000000000000000e+02
2.510000000000000000e+02
2.920000000000000000e+02
2.470000000000000000e+02
1.210000000000000000e+02
1.570000000000000000e+02
2.120000000000000000e+02
2.790000000000000000e+02
1.730000000000000000e+02
2.860000000000000000e+02
2.920000000000000000e+02
2.550000000000000000e+02
2.770000000000000000e+02
2.540000000000000000e+02
2.790000000000000000e+02
1.200000000000000000e+01
2.740000000000000000e+02
1.240000000000000000e+02
1.410000000000000000e+02
2.380000000000000000e+02
2.900000000000000000e+02
2.100000000000000000e+02
2.720000000000000000e+02
8.300000000000000000e+01
7.400000000000000000e+01
1.470000000000000000e+02
1.980000000000000000e+02
1.330000000000000000e+02
2.460000000000000000e+02
2.980000000000000000e+02
2.930000000000000000e+02
2.920000000000000000e+02
2.500000000000000000e+02
1.380000000000000000e+02
2.040000000000000000e+02
2.620000000000000000e+02
2.960000000000000000e+02
2.860000000000000000e+02
2.390000000000000000e+02
2.360000000000000000e+02
1.560000000000000000e+02
2.860000000000000000e+02
2.930000000000000000e+02
1.800000000000000000e+01
2.750000000000000000e+02
2.380000000000000000e+02
2.970000000000000000e+02
2.550000000000000000e+02
2.120000000000000000e+02
1.000000000000000000e+02
2.940000000000000000e+02
2.300000000000000000e+01
1.700000000000000000e+01
2.940000000000000000e+02
1.600000000000000000e+02
2.840000000000000000e+02
2.710000000000000000e+02
1.620000000000000000e+02
2.720000000000000000e+02
1.110000000000000000e+02
3.600000000000000000e+01
2.880000000000000000e+02
1.920000000000000000e+02
2.490000000000000000e+02
2.810000000000000000e+02
2.930000000000000000e+02
1.110000000000000000e+02
2.030000000000000000e+02
1.680000000000000000e+02
7.900000000000000000e+01
2.390000000000000000e+02
2.320000000000000000e+02
2.660000000000000000e+02
2.730000000000000000e+02
