1.320000000000000000e+02
2.790000000000000000e+02
2.260000000000000000e+02
2.940000000000000000e+02
8.400000000000000000e+01
2.780000000000000000e+02
2.680000000000000000e+02
1.800000000000000000e+02
2.940000000000000000e+02
2.470000000000000000e+02
6.100000000000000000e+01
1.520000000000000000e+02
2.840000000000000000e+02
1.710000000000000000e+02
2.310000000000000000e+02
1.260000000000000000e+02
8.000000000000000000e+01
2.100000000000000000e+02
2.200000000000000000e+01
2.570000000000000000e+02
9.000000000000000000e+00
2.780000000000000000e+02
2.410000000000000000e+02
3.500000000000000000e+01
2.470000000000000000e+02
7.600000000000000000e+01
2.380000000000000000e+02
2.570000000000000000e+02
2.690000000000000000e+02
2.560000000000000000e+02
1.530000000000000000e+02
2.660000000000000000e+02
2.950000000000000000e+02
2.990000000000000000e+02
2.920000000000000000e+02
1.100000000000000000e+01
1.660000000000000000e+02
1.820000000000000000e+02
2.410000000000000000e+02
2.970000000000000000e+02
2.880000000000000000e+02
2.850000000000000000e+02
2.510000000000000000e+02
1.330000000000000000e+02
2.790000000000000000e+02
2.770000000000000000e+02
1.170000000000000000e+02
2.690000000000000000e+02
2.500000000000000000e+02
1.810000000000000000e+02
1.660000000000000000e+02
2.750000000000000000e+02
1.650000000000000000e+02
2.800000000000000000e+02
7.600000000000000000e+01
6.000000000000000000e+00
1.100000000000000000e+01
2.630000000000000000e+02
1.050000000000000000e+02
2.990000000000000000e+02
9.900000000000000000e+01
5.000000000000000000e+01
1.900000000000000000e+02
2.960000000000000000e+02
2.830000000000000000e+02
2.930000000000000000e+02
2.970000000000000000e+02
2.640000000000000000e+02
2.760000000000000000e+02
1.150000000000000000e+02
7.800000000000000000e+01
1.200000000000000000e+02
7.500000000000000000e+01
2.680000000000000000e+02
2.820000000000000000e+02
2.970000000000000000e+02
1.410000000000000000e+02
2.860000000000000000e+02
2.490000000000000000e+02
1.910000000000000000e+02
4.200000000000000000e+01
