2.610000000000000000e+02
1.870000000000000000e+02
2.620000000000000000e+02
1.540000000000000000e+02
2.380000000000000000e+02
1.690000000000000000e+02
2.490000000000000000e+02
1.580000000000000000e+02
2.400000000000000000e+02
2.460000000000000000e+02
2.530000000000000000e+02
1.330000000000000000e+02
1.020000000000000000e+02
3.900000000000000000e+01
2.320000000000000000e+02
1.400000000000000000e+02
2.120000000000000000e+02
2.380000000000000000e+02
2.750000000000000000e+02
2.560000000000000000e+02
2.230000000000000000e+02
8.700000000000000000e+01
9.000000000000000000e+01
2.290000000000000000e+02
8.400000000000000000e+01
1.710000000000000000e+02
2.550000000000000000e+02
2.640000000000000000e+02
2.320000000000000000e+02
8.000000000000000000e+01
2.290000000000000000e+02
9.000000000000000000e+00
6.700000000000000000e+01
1.270000000000000000e+02
2.780000000000000000e+02
2.660000000000000000e+02
2.690000000000000000e+02
2.330000000000000000e+02
2.330000000000000000e+02
1.360000000000000000e+02
2.400000000000000000e+01
2.560000000000000000e+02
2.680000000000000000e+02
2.290000000000000000e+02
2.530000000000000000e+02
2.640000000000000000e+02
2.310000000000000000e+02
2.020000000000000000e+02
9.600000000000000000e+01
2.400000000000000000e+01
1.190000000000000000e+02
2.440000000000000000e+02
1.640000000000000000e+02
2.750000000000000000e+02
2.570000000000000000e+02
2.090000000000000000e+02
2.580000000000000000e+02
1.000000000000000000e+02
1.420000000000000000e+02
3.900000000000000000e+01
9.100000000000000000e+01
2.050000000000000000e+02
2.620000000000000000e+02
2.690000000000000000e+02
1.780000000000000000e+02
2.440000000000000000e+02
1.740000000000000000e+02
2.620000000000000000e+02
4.500000000000000000e+01
8.500000000000000000e+01
2.460000000000000000e+02
2.570000000000000000e+02
2.780000000000000000e+02
2.210000000000000000e+02
2.810000000000000000e+02
1.500000000000000000e+02
1.320000000000000000e+02
2.300000000000000000e+02
1.660000000000000000e+02
1.500000000000000000e+02
2.680000000000000000e+02
