1.320000000000000000e+02
5.000000000000000000e+01
9.300000000000000000e+01
2.250000000000000000e+02
2.550000000000000000e+02
1.960000000000000000e+02
8.700000000000000000e+01
6.000000000000000000e+01
1.800000000000000000e+02
1.690000000000000000e+02
1.480000000000000000e+02
1.340000000000000000e+02
2.430000000000000000e+02
2.570000000000000000e+02
2.540000000000000000e+02
2.800000000000000000e+02
2.660000000000000000e+02
1.040000000000000000e+02
1.740000000000000000e+02
1.810000000000000000e+02
1.620000000000000000e+02
1.980000000000000000e+02
2.140000000000000000e+02
2.470000000000000000e+02
7.200000000000000000e+01
1.680000000000000000e+02
1.830000000000000000e+02
1.580000000000000000e+02
6.300000000000000000e+01
2.160000000000000000e+02
1.590000000000000000e+02
1.220000000000000000e+02
2.450000000000000000e+02
2.010000000000000000e+02
2.630000000000000000e+02
2.610000000000000000e+02
1.120000000000000000e+02
1.880000000000000000e+02
2.330000000000000000e+02
5.900000000000000000e+01
2.100000000000000000e+02
1.930000000000000000e+02
2.330000000000000000e+02
1.330000000000000000e+02
2.050000000000000000e+02
2.250000000000000000e+02
2.650000000000000000e+02
2.710000000000000000e+02
2.370000000000000000e+02
2.540000000000000000e+02
2.450000000000000000e+02
1.120000000000000000e+02
5.200000000000000000e+01
2.010000000000000000e+02
2.620000000000000000e+02
2.510000000000000000e+02
2.900000000000000000e+01
1.660000000000000000e+02
2.410000000000000000e+02
2.700000000000000000e+02
9.600000000000000000e+01
6.600000000000000000e+01
1.390000000000000000e+02
2.670000000000000000e+02
2.720000000000000000e+02
1.790000000000000000e+02
2.570000000000000000e+02
1.160000000000000000e+02
8.800000000000000000e+01
2.640000000000000000e+02
3.300000000000000000e+01
9.200000000000000000e+01
1.490000000000000000e+02
2.630000000000000000e+02
3.400000000000000000e+01
1.900000000000000000e+01
2.700000000000000000e+02
2.490000000000000000e+02
3.700000000000000000e+01
1.390000000000000000e+02
2.750000000000000000e+02
