5.000000000000000000e+01
2.430000000000000000e+02
2.240000000000000000e+02
2.620000000000000000e+02
2.620000000000000000e+02
1.780000000000000000e+02
1.800000000000000000e+01
2.470000000000000000e+02
1.530000000000000000e+02
2.500000000000000000e+02
2.180000000000000000e+02
1.600000000000000000e+02
2.130000000000000000e+02
2.540000000000000000e+02
2.160000000000000000e+02
2.520000000000000000e+02
7.500000000000000000e+01
3.200000000000000000e+01
2.200000000000000000e+02
1.490000000000000000e+02
2.620000000000000000e+02
2.550000000000000000e+02
4.000000000000000000e+01
2.020000000000000000e+02
2.400000000000000000e+02
1.710000000000000000e+02
5.300000000000000000e+01
2.260000000000000000e+02
8.800000000000000000e+01
2.360000000000000000e+02
1.720000000000000000e+02
2.390000000000000000e+02
2.670000000000000000e+02
2.710000000000000000e+02
2.120000000000000000e+02
9.000000000000000000e+01
6.200000000000000000e+01
1.710000000000000000e+02
2.790000000000000000e+02
2.160000000000000000e+02
2.530000000000000000e+02
2.360000000000000000e+02
5.400000000000000000e+01
2.420000000000000000e+02
2.520000000000000000e+02
4.300000000000000000e+01
1.630000000000000000e+02
1.930000000000000000e+02
1.710000000000000000e+02
2.200000000000000000e+02
2.640000000000000000e+02
1.510000000000000000e+02
1.120000000000000000e+02
4.500000000000000000e+01
1.390000000000000000e+02
1.250000000000000000e+02
2.290000000000000000e+02
2.600000000000000000e+02
2.200000000000000000e+02
1.810000000000000000e+02
2.190000000000000000e+02
2.040000000000000000e+02
8.800000000000000000e+01
8.100000000000000000e+01
2.180000000000000000e+02
2.740000000000000000e+02
2.670000000000000000e+02
1.970000000000000000e+02
1.470000000000000000e+02
2.090000000000000000e+02
2.200000000000000000e+02
2.600000000000000000e+01
2.770000000000000000e+02
2.210000000000000000e+02
1.920000000000000000e+02
7.300000000000000000e+01
2.630000000000000000e+02
2.100000000000000000e+02
2.310000000000000000e+02
2.580000000000000000e+02
1.370000000000000000e+02
