2.530000000000000000e+02
2.130000000000000000e+02
7.200000000000000000e+01
2.600000000000000000e+02
2.550000000000000000e+02
3.400000000000000000e+01
2.100000000000000000e+02
2.100000000000000000e+02
1.900000000000000000e+02
2.300000000000000000e+02
1.230000000000000000e+02
3.300000000000000000e+01
2.460000000000000000e+02
1.210000000000000000e+02
1.960000000000000000e+02
1.150000000000000000e+02
1.520000000000000000e+02
1.640000000000000000e+02
2.330000000000000000e+02
1.770000000000000000e+02
1.080000000000000000e+02
9.200000000000000000e+01
2.080000000000000000e+02
2.430000000000000000e+02
1.820000000000000000e+02
2.300000000000000000e+02
2.310000000000000000e+02
1.970000000000000000e+02
2.450000000000000000e+02
3.500000000000000000e+01
2.090000000000000000e+02
4.300000000000000000e+01
1.560000000000000000e+02
1.760000000000000000e+02
2.420000000000000000e+02
2.550000000000000000e+02
2.190000000000000000e+02
2.430000000000000000e+02
1.030000000000000000e+02
2.350000000000000000e+02
3.000000000000000000e+01
2.430000000000000000e+02
1.260000000000000000e+02
1.270000000000000000e+02
2.170000000000000000e+02
2.590000000000000000e+02
2.070000000000000000e+02
1.520000000000000000e+02
1.190000000000000000e+02
2.490000000000000000e+02
5.100000000000000000e+01
2.370000000000000000e+02
2.260000000000000000e+02
2.100000000000000000e+02
2.180000000000000000e+02
1.420000000000000000e+02
2.090000000000000000e+02
1.460000000000000000e+02
1.880000000000000000e+02
4.600000000000000000e+01
6.300000000000000000e+01
2.310000000000000000e+02
1.990000000000000000e+02
2.540000000000000000e+02
2.510000000000000000e+02
2.150000000000000000e+02
2.480000000000000000e+02
1.890000000000000000e+02
2.170000000000000000e+02
2.490000000000000000e+02
2.120000000000000000e+02
2.510000000000000000e+02
2.580000000000000000e+02
1.300000000000000000e+02
2.240000000000000000e+02
2.430000000000000000e+02
2.390000000000000000e+02
2.000000000000000000e+01
2.700000000000000000e+02
2.330000000000000000e+02
2.470000000000000000e+02
