8.800000000000000000e+01
2.090000000000000000e+02
5.400000000000000000e+01
1.990000000000000000e+02
8.500000000000000000e+01
1.500000000000000000e+02
1.110000000000000000e+02
7.600000000000000000e+01
2.370000000000000000e+02
1.130000000000000000e+02
2.140000000000000000e+02
1.740000000000000000e+02
1.400000000000000000e+02
2.060000000000000000e+02
1.660000000000000000e+02
2.210000000000000000e+02
1.470000000000000000e+02
2.200000000000000000e+02
1.860000000000000000e+02
2.210000000000000000e+02
2.290000000000000000e+02
2.550000000000000000e+02
2.390000000000000000e+02
2.230000000000000000e+02
1.320000000000000000e+02
9.100000000000000000e+01
2.390000000000000000e+02
2.180000000000000000e+02
1.600000000000000000e+02
2.410000000000000000e+02
2.500000000000000000e+02
1.330000000000000000e+02
6.900000000000000000e+01
2.290000000000000000e+02
2.210000000000000000e+02
1.150000000000000000e+02
2.180000000000000000e+02
2.280000000000000000e+02
2.010000000000000000e+02
2.580000000000000000e+02
1.790000000000000000e+02
2.560000000000000000e+02
1.410000000000000000e+02
6.700000000000000000e+01
1.840000000000000000e+02
2.460000000000000000e+02
6.900000000000000000e+01
1.490000000000000000e+02
2.440000000000000000e+02
2.430000000000000000e+02
2.070000000000000000e+02
2.360000000000000000e+02
2.480000000000000000e+02
1.210000000000000000e+02
2.490000000000000000e+02
6.700000000000000000e+01
8.800000000000000000e+01
1.890000000000000000e+02
2.200000000000000000e+02
1.610000000000000000e+02
2.270000000000000000e+02
2.390000000000000000e+02
8.600000000000000000e+01
1.890000000000000000e+02
2.350000000000000000e+02
4.300000000000000000e+01
2.690000000000000000e+02
1.370000000000000000e+02
1.610000000000000000e+02
2.590000000000000000e+02
2.620000000000000000e+02
1.950000000000000000e+02
1.890000000000000000e+02
2.020000000000000000e+02
2.510000000000000000e+02
3.400000000000000000e+01
2.260000000000000000e+02
2.380000000000000000e+02
4.100000000000000000e+01
2.400000000000000000e+02
2.300000000000000000e+02
