1.660000000000000000e+02
1.440000000000000000e+02
1.500000000000000000e+02
1.750000000000000000e+02
2.460000000000000000e+02
1.010000000000000000e+02
1.260000000000000000e+02
2.740000000000000000e+02
2.360000000000000000e+02
2.520000000000000000e+02
2.990000000000000000e+02
8.000000000000000000e+01
9.700000000000000000e+01
2.780000000000000000e+02
1.650000000000000000e+02
1.750000000000000000e+02
2.290000000000000000e+02
1.280000000000000000e+02
2.800000000000000000e+02
4.200000000000000000e+01
2.920000000000000000e+02
1.540000000000000000e+02
2.120000000000000000e+02
2.000000000000000000e+01
3.600000000000000000e+01
2.910000000000000000e+02
1.800000000000000000e+02
1.580000000000000000e+02
2.980000000000000000e+02
2.000000000000000000e+02
2.490000000000000000e+02
1.810000000000000000e+02
2.980000000000000000e+02
3.600000000000000000e+01
2.450000000000000000e+02
1.890000000000000000e+02
2.160000000000000000e+02
2.660000000000000000e+02
2.820000000000000000e+02
2.370000000000000000e+02
2.620000000000000000e+02
2.100000000000000000e+02
1.400000000000000000e+02
1.380000000000000000e+02
2.080000000000000000e+02
2.960000000000000000e+02
2.170000000000000000e+02
2.970000000000000000e+02
2.370000000000000000e+02
2.980000000000000000e+02
9.500000000000000000e+01
2.590000000000000000e+02
7.800000000000000000e+01
2.870000000000000000e+02
2.580000000000000000e+02
2.930000000000000000e+02
2.920000000000000000e+02
5.000000000000000000e+01
2.950000000000000000e+02
2.860000000000000000e+02
4.700000000000000000e+01
1.840000000000000000e+02
2.700000000000000000e+02
1.360000000000000000e+02
3.900000000000000000e+01
2.930000000000000000e+02
1.080000000000000000e+02
1.400000000000000000e+02
2.670000000000000000e+02
2.030000000000000000e+02
2.920000000000000000e+02
2.740000000000000000e+02
3.000000000000000000e+02
2.720000000000000000e+02
9.000000000000000000e+01
1.820000000000000000e+02
2.900000000000000000e+02
2.960000000000000000e+02
2.520000000000000000e+02
2.090000000000000000e+02
2.670000000000000000e+02
