2.800000000000000000e+02
2.160000000000000000e+02
5.800000000000000000e+01
2.810000000000000000e+02
1.820000000000000000e+02
2.040000000000000000e+02
2.360000000000000000e+02
6.600000000000000000e+01
2.640000000000000000e+02
2.200000000000000000e+02
9.900000000000000000e+01
6.400000000000000000e+01
7.800000000000000000e+01
2.290000000000000000e+02
2.240000000000000000e+02
2.890000000000000000e+02
2.510000000000000000e+02
2.900000000000000000e+02
2.390000000000000000e+02
1.360000000000000000e+02
1.950000000000000000e+02
2.700000000000000000e+02
1.040000000000000000e+02
2.500000000000000000e+01
2.880000000000000000e+02
1.320000000000000000e+02
2.910000000000000000e+02
2.450000000000000000e+02
2.100000000000000000e+02
2.830000000000000000e+02
2.400000000000000000e+02
1.870000000000000000e+02
2.100000000000000000e+01
2.710000000000000000e+02
1.690000000000000000e+02
2.720000000000000000e+02
2.360000000000000000e+02
2.730000000000000000e+02
2.500000000000000000e+02
1.220000000000000000e+02
2.040000000000000000e+02
7.200000000000000000e+01
1.700000000000000000e+01
8.300000000000000000e+01
2.840000000000000000e+02
2.730000000000000000e+02
2.180000000000000000e+02
1.930000000000000000e+02
1.090000000000000000e+02
7.300000000000000000e+01
6.000000000000000000e+01
2.520000000000000000e+02
2.860000000000000000e+02
2.550000000000000000e+02
2.760000000000000000e+02
1.160000000000000000e+02
6.400000000000000000e+01
2.960000000000000000e+02
2.500000000000000000e+01
4.500000000000000000e+01
2.470000000000000000e+02
1.780000000000000000e+02
2.830000000000000000e+02
2.420000000000000000e+02
1.660000000000000000e+02
1.700000000000000000e+02
1.240000000000000000e+02
3.700000000000000000e+01
2.530000000000000000e+02
2.600000000000000000e+02
2.970000000000000000e+02
2.950000000000000000e+02
2.990000000000000000e+02
2.460000000000000000e+02
1.330000000000000000e+02
1.340000000000000000e+02
1.190000000000000000e+02
2.950000000000000000e+02
2.640000000000000000e+02
6.200000000000000000e+01
2.660000000000000000e+02
