2.900000000000000000e+02
2.100000000000000000e+02
2.600000000000000000e+02
1.490000000000000000e+02
1.040000000000000000e+02
9.700000000000000000e+01
8.500000000000000000e+01
8.500000000000000000e+01
2.420000000000000000e+02
2.800000000000000000e+02
2.610000000000000000e+02
2.150000000000000000e+02
1.070000000000000000e+02
6.000000000000000000e+01
2.000000000000000000e+01
2.700000000000000000e+01
2.980000000000000000e+02
2.760000000000000000e+02
2.710000000000000000e+02
2.770000000000000000e+02
2.480000000000000000e+02
3.100000000000000000e+01
2.620000000000000000e+02
1.180000000000000000e+02
1.990000000000000000e+02
1.460000000000000000e+02
2.760000000000000000e+02
2.890000000000000000e+02
2.500000000000000000e+02
1.260000000000000000e+02
1.300000000000000000e+02
5.200000000000000000e+01
2.930000000000000000e+02
1.550000000000000000e+02
2.950000000000000000e+02
2.610000000000000000e+02
2.890000000000000000e+02
2.510000000000000000e+02
2.350000000000000000e+02
2.620000000000000000e+02
2.550000000000000000e+02
2.440000000000000000e+02
1.980000000000000000e+02
2.730000000000000000e+02
2.900000000000000000e+02
2.860000000000000000e+02
2.750000000000000000e+02
3.000000000000000000e+02
2.350000000000000000e+02
1.250000000000000000e+02
1.720000000000000000e+02
1.510000000000000000e+02
2.710000000000000000e+02
2.940000000000000000e+02
2.800000000000000000e+02
1.920000000000000000e+02
2.960000000000000000e+02
2.780000000000000000e+02
5.200000000000000000e+01
2.570000000000000000e+02
9.300000000000000000e+01
1.380000000000000000e+02
2.900000000000000000e+02
2.910000000000000000e+02
2.420000000000000000e+02
1.770000000000000000e+02
1.390000000000000000e+02
5.100000000000000000e+01
2.870000000000000000e+02
1.800000000000000000e+01
2.800000000000000000e+02
2.680000000000000000e+02
2.860000000000000000e+02
2.900000000000000000e+02
2.180000000000000000e+02
2.730000000000000000e+02
2.810000000000000000e+02
7.100000000000000000e+01
1.930000000000000000e+02
2.120000000000000000e+02
2.950000000000000000e+02
