2.220000000000000000e+02
2.870000000000000000e+02
7.300000000000000000e+01
2.710000000000000000e+02
2.830000000000000000e+02
1.570000000000000000e+02
2.000000000000000000e+02
1.810000000000000000e+02
2.960000000000000000e+02
1.520000000000000000e+02
2.350000000000000000e+02
2.300000000000000000e+02
2.630000000000000000e+02
2.780000000000000000e+02
1.930000000000000000e+02
2.210000000000000000e+02
5.100000000000000000e+01
2.700000000000000000e+02
1.650000000000000000e+02
1.280000000000000000e+02
2.800000000000000000e+01
3.000000000000000000e+02
2.400000000000000000e+02
6.500000000000000000e+01
2.180000000000000000e+02
6.700000000000000000e+01
2.080000000000000000e+02
2.910000000000000000e+02
1.830000000000000000e+02
4.400000000000000000e+01
2.850000000000000000e+02
2.850000000000000000e+02
1.470000000000000000e+02
1.620000000000000000e+02
2.860000000000000000e+02
2.930000000000000000e+02
2.820000000000000000e+02
1.680000000000000000e+02
1.940000000000000000e+02
1.600000000000000000e+02
2.470000000000000000e+02
2.760000000000000000e+02
2.970000000000000000e+02
2.690000000000000000e+02
2.540000000000000000e+02
2.210000000000000000e+02
6.800000000000000000e+01
1.530000000000000000e+02
1.590000000000000000e+02
1.210000000000000000e+02
1.800000000000000000e+02
1.840000000000000000e+02
2.910000000000000000e+02
1.960000000000000000e+02
2.530000000000000000e+02
2.940000000000000000e+02
2.840000000000000000e+02
2.440000000000000000e+02
7.000000000000000000e+01
1.290000000000000000e+02
2.280000000000000000e+02
9.200000000000000000e+01
2.160000000000000000e+02
1.660000000000000000e+02
2.900000000000000000e+02
1.970000000000000000e+02
1.590000000000000000e+02
2.870000000000000000e+02
1.530000000000000000e+02
1.870000000000000000e+02
3.700000000000000000e+01
2.430000000000000000e+02
1.890000000000000000e+02
2.380000000000000000e+02
2.870000000000000000e+02
1.300000000000000000e+01
2.470000000000000000e+02
2.190000000000000000e+02
1.240000000000000000e+02
1.370000000000000000e+02
2.530000000000000000e+02
