2.960000000000000000e+02
2.010000000000000000e+02
2.220000000000000000e+02
1.330000000000000000e+02
2.540000000000000000e+02
1.210000000000000000e+02
1.600000000000000000e+02
1.670000000000000000e+02
2.900000000000000000e+02
2.970000000000000000e+02
2.790000000000000000e+02
2.940000000000000000e+02
2.940000000000000000e+02
2.900000000000000000e+02
1.020000000000000000e+02
2.910000000000000000e+02
2.030000000000000000e+02
2.990000000000000000e+02
2.920000000000000000e+02
2.930000000000000000e+02
2.250000000000000000e+02
7.500000000000000000e+01
1.280000000000000000e+02
7.000000000000000000e+01
8.500000000000000000e+01
2.620000000000000000e+02
2.960000000000000000e+02
2.980000000000000000e+02
2.920000000000000000e+02
1.010000000000000000e+02
9.300000000000000000e+01
2.770000000000000000e+02
2.310000000000000000e+02
2.240000000000000000e+02
1.710000000000000000e+02
2.910000000000000000e+02
2.990000000000000000e+02
2.010000000000000000e+02
1.620000000000000000e+02
2.180000000000000000e+02
1.440000000000000000e+02
2.910000000000000000e+02
2.810000000000000000e+02
2.940000000000000000e+02
2.870000000000000000e+02
2.960000000000000000e+02
2.960000000000000000e+02
1.180000000000000000e+02
1.750000000000000000e+02
5.700000000000000000e+01
2.200000000000000000e+02
8.000000000000000000e+01
2.940000000000000000e+02
2.960000000000000000e+02
2.980000000000000000e+02
2.600000000000000000e+02
1.270000000000000000e+02
1.370000000000000000e+02
7.700000000000000000e+01
2.940000000000000000e+02
1.610000000000000000e+02
2.170000000000000000e+02
2.940000000000000000e+02
2.990000000000000000e+02
2.510000000000000000e+02
1.300000000000000000e+02
5.600000000000000000e+01
1.800000000000000000e+01
2.560000000000000000e+02
1.640000000000000000e+02
2.390000000000000000e+02
2.820000000000000000e+02
2.860000000000000000e+02
2.260000000000000000e+02
2.270000000000000000e+02
2.960000000000000000e+02
6.000000000000000000e+00
3.700000000000000000e+01
6.400000000000000000e+01
2.590000000000000000e+02
2.880000000000000000e+02
