2.580000000000000000e+02
1.920000000000000000e+02
2.770000000000000000e+02
2.400000000000000000e+01
1.970000000000000000e+02
2.820000000000000000e+02
2.350000000000000000e+02
2.830000000000000000e+02
1.010000000000000000e+02
1.900000000000000000e+01
8.300000000000000000e+01
2.080000000000000000e+02
2.970000000000000000e+02
1.850000000000000000e+02
2.090000000000000000e+02
1.180000000000000000e+02
2.320000000000000000e+02
3.000000000000000000e+02
1.500000000000000000e+02
1.740000000000000000e+02
1.020000000000000000e+02
2.100000000000000000e+02
8.800000000000000000e+01
1.850000000000000000e+02
2.930000000000000000e+02
2.970000000000000000e+02
2.990000000000000000e+02
3.800000000000000000e+01
2.220000000000000000e+02
2.080000000000000000e+02
2.680000000000000000e+02
1.890000000000000000e+02
1.710000000000000000e+02
2.280000000000000000e+02
2.030000000000000000e+02
1.860000000000000000e+02
5.400000000000000000e+01
2.440000000000000000e+02
2.850000000000000000e+02
2.810000000000000000e+02
2.990000000000000000e+02
2.920000000000000000e+02
2.970000000000000000e+02
2.260000000000000000e+02
2.500000000000000000e+01
3.300000000000000000e+01
1.330000000000000000e+02
2.450000000000000000e+02
1.410000000000000000e+02
2.930000000000000000e+02
2.900000000000000000e+02
1.230000000000000000e+02
2.910000000000000000e+02
1.590000000000000000e+02
2.940000000000000000e+02
1.530000000000000000e+02
3.000000000000000000e+00
1.300000000000000000e+02
1.490000000000000000e+02
1.060000000000000000e+02
2.400000000000000000e+01
2.400000000000000000e+01
2.290000000000000000e+02
4.000000000000000000e+00
1.800000000000000000e+02
1.490000000000000000e+02
2.930000000000000000e+02
2.040000000000000000e+02
2.800000000000000000e+02
2.760000000000000000e+02
2.740000000000000000e+02
2.370000000000000000e+02
2.930000000000000000e+02
2.670000000000000000e+02
2.960000000000000000e+02
2.770000000000000000e+02
6.000000000000000000e+01
1.120000000000000000e+02
2.390000000000000000e+02
2.550000000000000000e+02
2.960000000000000000e+02
