2.240000000000000000e+02
2.450000000000000000e+02
2.170000000000000000e+02
1.940000000000000000e+02
1.830000000000000000e+02
1.740000000000000000e+02
1.590000000000000000e+02
1.290000000000000000e+02
9.200000000000000000e+01
2.390000000000000000e+02
2.340000000000000000e+02
2.160000000000000000e+02
2.020000000000000000e+02
1.800000000000000000e+02
1.610000000000000000e+02
1.380000000000000000e+02
1.040000000000000000e+02
8.700000000000000000e+01
2.320000000000000000e+02
2.070000000000000000e+02
2.080000000000000000e+02
1.640000000000000000e+02
1.390000000000000000e+02
1.410000000000000000e+02
1.000000000000000000e+02
1.020000000000000000e+02
8.300000000000000000e+01
2.060000000000000000e+02
2.070000000000000000e+02
1.680000000000000000e+02
1.580000000000000000e+02
1.180000000000000000e+02
1.190000000000000000e+02
9.400000000000000000e+01
8.700000000000000000e+01
9.200000000000000000e+01
2.380000000000000000e+02
1.890000000000000000e+02
1.680000000000000000e+02
1.510000000000000000e+02
1.180000000000000000e+02
1.020000000000000000e+02
8.300000000000000000e+01
8.300000000000000000e+01
7.500000000000000000e+01
2.290000000000000000e+02
2.060000000000000000e+02
1.740000000000000000e+02
1.640000000000000000e+02
1.320000000000000000e+02
1.200000000000000000e+02
9.900000000000000000e+01
9.600000000000000000e+01
9.700000000000000000e+01
2.300000000000000000e+02
2.090000000000000000e+02
2.110000000000000000e+02
1.810000000000000000e+02
1.500000000000000000e+02
1.460000000000000000e+02
1.250000000000000000e+02
1.020000000000000000e+02
8.600000000000000000e+01
2.260000000000000000e+02
2.290000000000000000e+02
2.100000000000000000e+02
1.970000000000000000e+02
1.940000000000000000e+02
1.670000000000000000e+02
1.200000000000000000e+02
1.180000000000000000e+02
9.600000000000000000e+01
2.130000000000000000e+02
2.280000000000000000e+02
2.170000000000000000e+02
1.940000000000000000e+02
1.970000000000000000e+02
1.620000000000000000e+02
1.530000000000000000e+02
1.190000000000000000e+02
8.500000000000000000e+01
