7.200000000000000000e+01
1.200000000000000000e+02
1.350000000000000000e+02
1.660000000000000000e+02
1.710000000000000000e+02
2.020000000000000000e+02
2.020000000000000000e+02
2.320000000000000000e+02
2.110000000000000000e+02
8.300000000000000000e+01
1.160000000000000000e+02
1.170000000000000000e+02
1.560000000000000000e+02
1.840000000000000000e+02
1.920000000000000000e+02
2.010000000000000000e+02
2.330000000000000000e+02
2.210000000000000000e+02
9.200000000000000000e+01
9.400000000000000000e+01
1.220000000000000000e+02
1.570000000000000000e+02
1.570000000000000000e+02
1.880000000000000000e+02
1.870000000000000000e+02
2.080000000000000000e+02
2.200000000000000000e+02
8.100000000000000000e+01
7.500000000000000000e+01
1.030000000000000000e+02
1.030000000000000000e+02
1.280000000000000000e+02
1.400000000000000000e+02
1.660000000000000000e+02
1.950000000000000000e+02
2.210000000000000000e+02
8.900000000000000000e+01
8.200000000000000000e+01
1.020000000000000000e+02
1.000000000000000000e+02
1.050000000000000000e+02
1.340000000000000000e+02
1.630000000000000000e+02
1.900000000000000000e+02
2.210000000000000000e+02
9.600000000000000000e+01
8.000000000000000000e+01
9.200000000000000000e+01
9.200000000000000000e+01
1.310000000000000000e+02
1.370000000000000000e+02
1.640000000000000000e+02
1.760000000000000000e+02
2.320000000000000000e+02
9.600000000000000000e+01
1.120000000000000000e+02
1.100000000000000000e+02
1.250000000000000000e+02
1.360000000000000000e+02
1.680000000000000000e+02
1.890000000000000000e+02
2.140000000000000000e+02
2.310000000000000000e+02
7.200000000000000000e+01
1.100000000000000000e+02
1.340000000000000000e+02
1.540000000000000000e+02
1.900000000000000000e+02
1.820000000000000000e+02
2.210000000000000000e+02
2.400000000000000000e+02
2.430000000000000000e+02
8.300000000000000000e+01
1.290000000000000000e+02
1.490000000000000000e+02
1.600000000000000000e+02
1.850000000000000000e+02
2.190000000000000000e+02
2.260000000000000000e+02
2.440000000000000000e+02
2.180000000000000000e+02
