2.470000000000000000e+02
2.160000000000000000e+02
2.010000000000000000e+02
1.840000000000000000e+02
1.490000000000000000e+02
1.330000000000000000e+02
1.320000000000000000e+02
9.000000000000000000e+01
5.900000000000000000e+01
2.370000000000000000e+02
2.350000000000000000e+02
2.020000000000000000e+02
1.820000000000000000e+02
1.480000000000000000e+02
1.480000000000000000e+02
9.600000000000000000e+01
8.900000000000000000e+01
8.600000000000000000e+01
2.430000000000000000e+02
2.310000000000000000e+02
2.030000000000000000e+02
1.820000000000000000e+02
1.560000000000000000e+02
1.280000000000000000e+02
1.000000000000000000e+02
9.300000000000000000e+01
6.600000000000000000e+01
2.250000000000000000e+02
2.200000000000000000e+02
1.790000000000000000e+02
1.660000000000000000e+02
1.420000000000000000e+02
1.230000000000000000e+02
1.170000000000000000e+02
9.800000000000000000e+01
7.200000000000000000e+01
2.180000000000000000e+02
2.010000000000000000e+02
2.100000000000000000e+02
1.660000000000000000e+02
1.490000000000000000e+02
1.300000000000000000e+02
1.150000000000000000e+02
8.000000000000000000e+01
8.400000000000000000e+01
2.450000000000000000e+02
1.990000000000000000e+02
1.880000000000000000e+02
1.630000000000000000e+02
1.380000000000000000e+02
1.400000000000000000e+02
1.160000000000000000e+02
1.160000000000000000e+02
7.900000000000000000e+01
2.430000000000000000e+02
2.120000000000000000e+02
1.780000000000000000e+02
1.850000000000000000e+02
1.420000000000000000e+02
1.240000000000000000e+02
9.800000000000000000e+01
8.900000000000000000e+01
8.000000000000000000e+01
2.350000000000000000e+02
2.080000000000000000e+02
2.180000000000000000e+02
1.590000000000000000e+02
1.640000000000000000e+02
1.400000000000000000e+02
1.000000000000000000e+02
8.300000000000000000e+01
8.900000000000000000e+01
2.390000000000000000e+02
2.170000000000000000e+02
1.890000000000000000e+02
1.730000000000000000e+02
1.480000000000000000e+02
1.240000000000000000e+02
1.240000000000000000e+02
9.100000000000000000e+01
6.800000000000000000e+01
