1.690000000000000000e+02
2.260000000000000000e+02
2.320000000000000000e+02
2.420000000000000000e+02
2.420000000000000000e+02
2.400000000000000000e+02
2.330000000000000000e+02
2.190000000000000000e+02
1.520000000000000000e+02
1.620000000000000000e+02
2.070000000000000000e+02
2.000000000000000000e+02
2.100000000000000000e+02
2.240000000000000000e+02
2.270000000000000000e+02
2.080000000000000000e+02
2.000000000000000000e+02
1.620000000000000000e+02
1.720000000000000000e+02
1.760000000000000000e+02
1.760000000000000000e+02
1.600000000000000000e+02
1.550000000000000000e+02
1.730000000000000000e+02
1.520000000000000000e+02
1.600000000000000000e+02
1.720000000000000000e+02
1.550000000000000000e+02
1.110000000000000000e+02
1.170000000000000000e+02
9.400000000000000000e+01
1.040000000000000000e+02
1.060000000000000000e+02
1.090000000000000000e+02
1.300000000000000000e+02
1.580000000000000000e+02
1.650000000000000000e+02
1.160000000000000000e+02
8.800000000000000000e+01
8.400000000000000000e+01
8.000000000000000000e+01
8.700000000000000000e+01
9.000000000000000000e+01
8.700000000000000000e+01
1.750000000000000000e+02
1.750000000000000000e+02
1.200000000000000000e+02
1.080000000000000000e+02
1.120000000000000000e+02
1.170000000000000000e+02
1.090000000000000000e+02
1.210000000000000000e+02
1.130000000000000000e+02
1.580000000000000000e+02
1.560000000000000000e+02
1.750000000000000000e+02
1.700000000000000000e+02
1.760000000000000000e+02
1.570000000000000000e+02
1.560000000000000000e+02
1.590000000000000000e+02
1.580000000000000000e+02
1.780000000000000000e+02
1.670000000000000000e+02
2.060000000000000000e+02
2.150000000000000000e+02
2.150000000000000000e+02
2.150000000000000000e+02
2.100000000000000000e+02
2.190000000000000000e+02
2.030000000000000000e+02
1.520000000000000000e+02
1.650000000000000000e+02
2.350000000000000000e+02
2.370000000000000000e+02
2.420000000000000000e+02
2.430000000000000000e+02
2.350000000000000000e+02
2.210000000000000000e+02
2.010000000000000000e+02
1.630000000000000000e+02
