1.200000000000000000e+02
1.850000000000000000e+02
1.930000000000000000e+02
1.980000000000000000e+02
2.200000000000000000e+02
2.410000000000000000e+02
2.520000000000000000e+02
2.460000000000000000e+02
1.950000000000000000e+02
1.130000000000000000e+02
1.650000000000000000e+02
1.860000000000000000e+02
2.170000000000000000e+02
2.050000000000000000e+02
2.120000000000000000e+02
2.210000000000000000e+02
2.270000000000000000e+02
1.970000000000000000e+02
1.130000000000000000e+02
1.290000000000000000e+02
1.360000000000000000e+02
1.590000000000000000e+02
1.620000000000000000e+02
1.710000000000000000e+02
1.870000000000000000e+02
1.950000000000000000e+02
1.870000000000000000e+02
1.160000000000000000e+02
9.200000000000000000e+01
1.030000000000000000e+02
9.900000000000000000e+01
1.010000000000000000e+02
1.100000000000000000e+02
1.320000000000000000e+02
1.570000000000000000e+02
1.870000000000000000e+02
1.080000000000000000e+02
8.900000000000000000e+01
6.200000000000000000e+01
8.000000000000000000e+01
9.400000000000000000e+01
9.500000000000000000e+01
1.060000000000000000e+02
1.280000000000000000e+02
1.870000000000000000e+02
1.130000000000000000e+02
9.600000000000000000e+01
7.700000000000000000e+01
8.300000000000000000e+01
1.060000000000000000e+02
1.130000000000000000e+02
1.400000000000000000e+02
1.340000000000000000e+02
1.870000000000000000e+02
1.210000000000000000e+02
1.380000000000000000e+02
1.400000000000000000e+02
1.340000000000000000e+02
1.560000000000000000e+02
1.610000000000000000e+02
1.820000000000000000e+02
1.920000000000000000e+02
2.080000000000000000e+02
1.110000000000000000e+02
1.390000000000000000e+02
1.840000000000000000e+02
1.640000000000000000e+02
2.050000000000000000e+02
2.010000000000000000e+02
2.210000000000000000e+02
1.990000000000000000e+02
1.870000000000000000e+02
1.070000000000000000e+02
1.610000000000000000e+02
1.720000000000000000e+02
2.050000000000000000e+02
2.170000000000000000e+02
2.250000000000000000e+02
2.120000000000000000e+02
2.220000000000000000e+02
1.690000000000000000e+02
