6.100000000000000000e+01
1.100000000000000000e+02
1.240000000000000000e+02
1.310000000000000000e+02
1.380000000000000000e+02
1.810000000000000000e+02
2.040000000000000000e+02
2.160000000000000000e+02
2.390000000000000000e+02
8.500000000000000000e+01
9.600000000000000000e+01
1.100000000000000000e+02
1.080000000000000000e+02
1.580000000000000000e+02
1.960000000000000000e+02
1.900000000000000000e+02
2.130000000000000000e+02
2.310000000000000000e+02
6.800000000000000000e+01
1.060000000000000000e+02
1.190000000000000000e+02
1.380000000000000000e+02
1.280000000000000000e+02
1.950000000000000000e+02
1.820000000000000000e+02
2.180000000000000000e+02
2.290000000000000000e+02
6.400000000000000000e+01
9.300000000000000000e+01
1.090000000000000000e+02
1.370000000000000000e+02
1.530000000000000000e+02
1.590000000000000000e+02
2.120000000000000000e+02
2.150000000000000000e+02
2.290000000000000000e+02
7.500000000000000000e+01
1.020000000000000000e+02
1.060000000000000000e+02
1.390000000000000000e+02
1.550000000000000000e+02
1.720000000000000000e+02
1.910000000000000000e+02
2.110000000000000000e+02
2.540000000000000000e+02
7.400000000000000000e+01
9.600000000000000000e+01
1.070000000000000000e+02
1.190000000000000000e+02
1.360000000000000000e+02
1.620000000000000000e+02
1.870000000000000000e+02
2.130000000000000000e+02
2.050000000000000000e+02
6.600000000000000000e+01
9.100000000000000000e+01
9.900000000000000000e+01
1.180000000000000000e+02
1.320000000000000000e+02
1.590000000000000000e+02
1.590000000000000000e+02
1.920000000000000000e+02
2.070000000000000000e+02
8.500000000000000000e+01
6.600000000000000000e+01
9.300000000000000000e+01
1.090000000000000000e+02
1.310000000000000000e+02
1.600000000000000000e+02
1.730000000000000000e+02
1.970000000000000000e+02
2.250000000000000000e+02
8.400000000000000000e+01
8.700000000000000000e+01
1.040000000000000000e+02
1.100000000000000000e+02
1.300000000000000000e+02
1.570000000000000000e+02
1.670000000000000000e+02
1.920000000000000000e+02
2.130000000000000000e+02
