7.900000000000000000e+01
1.760000000000000000e+02
2.240000000000000000e+02
2.480000000000000000e+02
2.770000000000000000e+02
2.910000000000000000e+02
2.970000000000000000e+02
2.820000000000000000e+02
2.330000000000000000e+02
6.700000000000000000e+01
1.520000000000000000e+02
2.000000000000000000e+02
2.300000000000000000e+02
2.520000000000000000e+02
2.510000000000000000e+02
2.550000000000000000e+02
2.640000000000000000e+02
2.390000000000000000e+02
7.900000000000000000e+01
9.100000000000000000e+01
1.120000000000000000e+02
1.370000000000000000e+02
1.550000000000000000e+02
1.760000000000000000e+02
1.710000000000000000e+02
2.090000000000000000e+02
2.330000000000000000e+02
7.600000000000000000e+01
2.800000000000000000e+01
3.900000000000000000e+01
3.900000000000000000e+01
5.400000000000000000e+01
9.300000000000000000e+01
1.100000000000000000e+02
1.550000000000000000e+02
2.230000000000000000e+02
7.400000000000000000e+01
1.100000000000000000e+01
2.000000000000000000e+00
3.500000000000000000e+01
2.400000000000000000e+01
4.900000000000000000e+01
7.000000000000000000e+01
1.090000000000000000e+02
2.090000000000000000e+02
7.200000000000000000e+01
3.100000000000000000e+01
3.300000000000000000e+01
3.600000000000000000e+01
7.100000000000000000e+01
8.600000000000000000e+01
9.800000000000000000e+01
1.470000000000000000e+02
2.240000000000000000e+02
8.500000000000000000e+01
9.200000000000000000e+01
1.190000000000000000e+02
1.270000000000000000e+02
1.490000000000000000e+02
1.570000000000000000e+02
1.790000000000000000e+02
1.870000000000000000e+02
2.200000000000000000e+02
6.700000000000000000e+01
1.340000000000000000e+02
1.830000000000000000e+02
2.110000000000000000e+02
2.480000000000000000e+02
2.560000000000000000e+02
2.720000000000000000e+02
2.610000000000000000e+02
2.270000000000000000e+02
7.600000000000000000e+01
1.860000000000000000e+02
2.210000000000000000e+02
2.390000000000000000e+02
2.780000000000000000e+02
2.910000000000000000e+02
2.960000000000000000e+02
2.950000000000000000e+02
2.240000000000000000e+02
