1.410000000000000000e+02
2.450000000000000000e+02
2.790000000000000000e+02
2.930000000000000000e+02
3.000000000000000000e+02
2.940000000000000000e+02
2.670000000000000000e+02
2.550000000000000000e+02
1.460000000000000000e+02
1.470000000000000000e+02
2.150000000000000000e+02
2.340000000000000000e+02
2.580000000000000000e+02
2.620000000000000000e+02
2.560000000000000000e+02
2.410000000000000000e+02
2.100000000000000000e+02
1.620000000000000000e+02
1.510000000000000000e+02
1.460000000000000000e+02
1.550000000000000000e+02
1.430000000000000000e+02
1.550000000000000000e+02
1.550000000000000000e+02
1.500000000000000000e+02
1.420000000000000000e+02
1.500000000000000000e+02
1.540000000000000000e+02
8.300000000000000000e+01
8.000000000000000000e+01
4.600000000000000000e+01
4.400000000000000000e+01
3.900000000000000000e+01
7.000000000000000000e+01
9.300000000000000000e+01
1.400000000000000000e+02
1.550000000000000000e+02
5.300000000000000000e+01
2.000000000000000000e+01
1.200000000000000000e+01
5.000000000000000000e+00
9.000000000000000000e+00
2.200000000000000000e+01
6.800000000000000000e+01
1.520000000000000000e+02
1.370000000000000000e+02
7.900000000000000000e+01
6.400000000000000000e+01
4.100000000000000000e+01
4.900000000000000000e+01
4.700000000000000000e+01
6.400000000000000000e+01
9.800000000000000000e+01
1.530000000000000000e+02
1.540000000000000000e+02
1.490000000000000000e+02
1.510000000000000000e+02
1.530000000000000000e+02
1.460000000000000000e+02
1.580000000000000000e+02
1.430000000000000000e+02
1.540000000000000000e+02
1.380000000000000000e+02
1.420000000000000000e+02
2.130000000000000000e+02
2.530000000000000000e+02
2.540000000000000000e+02
2.610000000000000000e+02
2.580000000000000000e+02
2.470000000000000000e+02
2.230000000000000000e+02
1.500000000000000000e+02
1.500000000000000000e+02
2.520000000000000000e+02
2.790000000000000000e+02
2.930000000000000000e+02
2.990000000000000000e+02
2.940000000000000000e+02
2.840000000000000000e+02
2.450000000000000000e+02
1.600000000000000000e+02
