2.790000000000000000e+02
2.860000000000000000e+02
2.700000000000000000e+02
2.470000000000000000e+02
2.190000000000000000e+02
1.710000000000000000e+02
1.310000000000000000e+02
9.800000000000000000e+01
1.900000000000000000e+01
2.800000000000000000e+02
2.770000000000000000e+02
2.500000000000000000e+02
2.140000000000000000e+02
1.970000000000000000e+02
1.510000000000000000e+02
1.310000000000000000e+02
7.400000000000000000e+01
3.000000000000000000e+01
2.750000000000000000e+02
2.550000000000000000e+02
2.160000000000000000e+02
1.830000000000000000e+02
1.410000000000000000e+02
1.160000000000000000e+02
8.800000000000000000e+01
6.200000000000000000e+01
1.900000000000000000e+01
2.870000000000000000e+02
2.040000000000000000e+02
1.770000000000000000e+02
1.400000000000000000e+02
9.700000000000000000e+01
6.600000000000000000e+01
4.200000000000000000e+01
2.400000000000000000e+01
3.100000000000000000e+01
2.680000000000000000e+02
1.960000000000000000e+02
1.470000000000000000e+02
1.210000000000000000e+02
9.400000000000000000e+01
5.400000000000000000e+01
2.000000000000000000e+01
7.000000000000000000e+00
2.900000000000000000e+01
2.860000000000000000e+02
2.290000000000000000e+02
1.820000000000000000e+02
1.410000000000000000e+02
1.150000000000000000e+02
6.400000000000000000e+01
4.000000000000000000e+01
2.200000000000000000e+01
2.800000000000000000e+01
2.800000000000000000e+02
2.540000000000000000e+02
2.250000000000000000e+02
1.850000000000000000e+02
1.290000000000000000e+02
1.180000000000000000e+02
9.100000000000000000e+01
5.600000000000000000e+01
1.700000000000000000e+01
2.860000000000000000e+02
2.850000000000000000e+02
2.520000000000000000e+02
2.230000000000000000e+02
1.750000000000000000e+02
1.500000000000000000e+02
1.300000000000000000e+02
7.800000000000000000e+01
2.300000000000000000e+01
2.800000000000000000e+02
2.920000000000000000e+02
2.650000000000000000e+02
2.480000000000000000e+02
2.080000000000000000e+02
1.640000000000000000e+02
1.470000000000000000e+02
8.500000000000000000e+01
1.800000000000000000e+01
