5.000000000000000000e+00
4.400000000000000000e+01
8.500000000000000000e+01
1.180000000000000000e+02
1.640000000000000000e+02
1.780000000000000000e+02
2.360000000000000000e+02
2.660000000000000000e+02
3.000000000000000000e+02
2.000000000000000000e+00
4.300000000000000000e+01
9.200000000000000000e+01
1.160000000000000000e+02
1.390000000000000000e+02
1.840000000000000000e+02
2.220000000000000000e+02
2.680000000000000000e+02
2.970000000000000000e+02
1.000000000000000000e+01
3.900000000000000000e+01
7.800000000000000000e+01
1.160000000000000000e+02
1.560000000000000000e+02
2.050000000000000000e+02
2.170000000000000000e+02
2.590000000000000000e+02
2.990000000000000000e+02
3.000000000000000000e+00
4.700000000000000000e+01
7.800000000000000000e+01
1.150000000000000000e+02
1.510000000000000000e+02
1.890000000000000000e+02
2.120000000000000000e+02
2.590000000000000000e+02
2.990000000000000000e+02
2.000000000000000000e+00
4.500000000000000000e+01
7.900000000000000000e+01
1.140000000000000000e+02
1.510000000000000000e+02
2.010000000000000000e+02
2.190000000000000000e+02
2.580000000000000000e+02
3.000000000000000000e+02
4.000000000000000000e+00
4.000000000000000000e+01
8.100000000000000000e+01
1.090000000000000000e+02
1.430000000000000000e+02
1.960000000000000000e+02
2.130000000000000000e+02
2.680000000000000000e+02
2.990000000000000000e+02
6.000000000000000000e+00
3.800000000000000000e+01
7.500000000000000000e+01
1.220000000000000000e+02
1.610000000000000000e+02
2.030000000000000000e+02
2.220000000000000000e+02
2.530000000000000000e+02
2.990000000000000000e+02
2.000000000000000000e+00
3.900000000000000000e+01
8.300000000000000000e+01
9.000000000000000000e+01
1.480000000000000000e+02
1.690000000000000000e+02
2.260000000000000000e+02
2.710000000000000000e+02
2.970000000000000000e+02
5.000000000000000000e+00
4.300000000000000000e+01
8.400000000000000000e+01
1.110000000000000000e+02
1.500000000000000000e+02
1.670000000000000000e+02
2.210000000000000000e+02
2.740000000000000000e+02
3.000000000000000000e+02
