2.090000000000000000e+02
2.790000000000000000e+02
2.980000000000000000e+02
2.920000000000000000e+02
2.840000000000000000e+02
2.540000000000000000e+02
2.180000000000000000e+02
1.950000000000000000e+02
7.300000000000000000e+01
2.270000000000000000e+02
2.650000000000000000e+02
2.640000000000000000e+02
2.530000000000000000e+02
2.410000000000000000e+02
2.180000000000000000e+02
1.930000000000000000e+02
1.340000000000000000e+02
7.000000000000000000e+01
2.190000000000000000e+02
1.970000000000000000e+02
1.690000000000000000e+02
1.670000000000000000e+02
1.410000000000000000e+02
1.190000000000000000e+02
1.050000000000000000e+02
7.800000000000000000e+01
7.100000000000000000e+01
2.080000000000000000e+02
1.380000000000000000e+02
1.080000000000000000e+02
6.100000000000000000e+01
5.200000000000000000e+01
4.400000000000000000e+01
4.700000000000000000e+01
3.000000000000000000e+01
7.200000000000000000e+01
2.170000000000000000e+02
1.160000000000000000e+02
8.100000000000000000e+01
4.900000000000000000e+01
2.300000000000000000e+01
7.000000000000000000e+00
7.000000000000000000e+00
1.100000000000000000e+01
7.200000000000000000e+01
2.110000000000000000e+02
1.320000000000000000e+02
1.030000000000000000e+02
8.100000000000000000e+01
5.200000000000000000e+01
5.100000000000000000e+01
4.200000000000000000e+01
3.100000000000000000e+01
7.700000000000000000e+01
2.120000000000000000e+02
2.140000000000000000e+02
1.750000000000000000e+02
1.790000000000000000e+02
1.500000000000000000e+02
1.390000000000000000e+02
1.110000000000000000e+02
8.200000000000000000e+01
8.400000000000000000e+01
2.280000000000000000e+02
2.690000000000000000e+02
2.680000000000000000e+02
2.660000000000000000e+02
2.330000000000000000e+02
2.210000000000000000e+02
2.050000000000000000e+02
1.730000000000000000e+02
7.200000000000000000e+01
2.310000000000000000e+02
2.920000000000000000e+02
2.960000000000000000e+02
2.880000000000000000e+02
2.790000000000000000e+02
2.470000000000000000e+02
2.230000000000000000e+02
1.960000000000000000e+02
7.200000000000000000e+01
