1.380000000000000000e+02
2.030000000000000000e+02
2.270000000000000000e+02
2.500000000000000000e+02
2.360000000000000000e+02
2.610000000000000000e+02
2.320000000000000000e+02
2.060000000000000000e+02
1.450000000000000000e+02
1.530000000000000000e+02
1.900000000000000000e+02
2.100000000000000000e+02
2.230000000000000000e+02
2.120000000000000000e+02
2.200000000000000000e+02
2.300000000000000000e+02
1.940000000000000000e+02
1.510000000000000000e+02
1.420000000000000000e+02
1.520000000000000000e+02
1.320000000000000000e+02
1.320000000000000000e+02
1.280000000000000000e+02
1.450000000000000000e+02
1.320000000000000000e+02
1.390000000000000000e+02
1.330000000000000000e+02
1.370000000000000000e+02
7.100000000000000000e+01
7.100000000000000000e+01
6.400000000000000000e+01
6.000000000000000000e+01
5.900000000000000000e+01
7.700000000000000000e+01
1.040000000000000000e+02
1.340000000000000000e+02
1.280000000000000000e+02
5.900000000000000000e+01
3.400000000000000000e+01
3.700000000000000000e+01
2.900000000000000000e+01
3.000000000000000000e+01
4.600000000000000000e+01
6.900000000000000000e+01
1.350000000000000000e+02
1.370000000000000000e+02
8.800000000000000000e+01
8.200000000000000000e+01
6.400000000000000000e+01
6.300000000000000000e+01
6.300000000000000000e+01
7.100000000000000000e+01
9.400000000000000000e+01
1.410000000000000000e+02
1.370000000000000000e+02
1.320000000000000000e+02
1.320000000000000000e+02
1.420000000000000000e+02
1.310000000000000000e+02
1.390000000000000000e+02
1.440000000000000000e+02
1.370000000000000000e+02
1.370000000000000000e+02
1.390000000000000000e+02
2.090000000000000000e+02
2.040000000000000000e+02
2.070000000000000000e+02
2.210000000000000000e+02
2.120000000000000000e+02
2.070000000000000000e+02
2.150000000000000000e+02
1.440000000000000000e+02
1.460000000000000000e+02
2.350000000000000000e+02
2.540000000000000000e+02
2.460000000000000000e+02
2.720000000000000000e+02
2.610000000000000000e+02
2.370000000000000000e+02
2.130000000000000000e+02
1.330000000000000000e+02
