2.660000000000000000e+02
2.360000000000000000e+02
1.930000000000000000e+02
1.680000000000000000e+02
1.420000000000000000e+02
1.120000000000000000e+02
8.100000000000000000e+01
4.200000000000000000e+01
1.900000000000000000e+01
2.440000000000000000e+02
2.130000000000000000e+02
1.840000000000000000e+02
1.620000000000000000e+02
1.200000000000000000e+02
9.500000000000000000e+01
8.600000000000000000e+01
4.900000000000000000e+01
2.000000000000000000e+01
2.630000000000000000e+02
2.360000000000000000e+02
2.030000000000000000e+02
1.750000000000000000e+02
1.380000000000000000e+02
1.220000000000000000e+02
4.800000000000000000e+01
3.400000000000000000e+01
1.400000000000000000e+01
2.570000000000000000e+02
2.370000000000000000e+02
2.060000000000000000e+02
1.740000000000000000e+02
1.420000000000000000e+02
1.160000000000000000e+02
7.200000000000000000e+01
4.600000000000000000e+01
1.900000000000000000e+01
2.580000000000000000e+02
2.330000000000000000e+02
2.160000000000000000e+02
1.730000000000000000e+02
1.480000000000000000e+02
1.070000000000000000e+02
9.200000000000000000e+01
4.600000000000000000e+01
1.700000000000000000e+01
2.610000000000000000e+02
2.330000000000000000e+02
2.030000000000000000e+02
1.750000000000000000e+02
1.490000000000000000e+02
1.060000000000000000e+02
6.900000000000000000e+01
5.400000000000000000e+01
1.300000000000000000e+01
2.700000000000000000e+02
2.200000000000000000e+02
2.060000000000000000e+02
1.610000000000000000e+02
1.360000000000000000e+02
1.070000000000000000e+02
7.300000000000000000e+01
4.400000000000000000e+01
1.800000000000000000e+01
2.550000000000000000e+02
2.310000000000000000e+02
2.010000000000000000e+02
1.730000000000000000e+02
1.370000000000000000e+02
1.090000000000000000e+02
8.000000000000000000e+01
5.600000000000000000e+01
1.700000000000000000e+01
2.820000000000000000e+02
2.490000000000000000e+02
2.020000000000000000e+02
1.840000000000000000e+02
1.520000000000000000e+02
1.100000000000000000e+02
7.600000000000000000e+01
4.000000000000000000e+01
9.000000000000000000e+00
