1.900000000000000000e+01
5.200000000000000000e+01
7.000000000000000000e+01
9.500000000000000000e+01
1.430000000000000000e+02
1.710000000000000000e+02
1.980000000000000000e+02
2.490000000000000000e+02
2.770000000000000000e+02
8.000000000000000000e+00
5.200000000000000000e+01
8.100000000000000000e+01
1.070000000000000000e+02
1.490000000000000000e+02
1.710000000000000000e+02
1.890000000000000000e+02
2.420000000000000000e+02
2.810000000000000000e+02
2.100000000000000000e+01
4.200000000000000000e+01
8.900000000000000000e+01
1.070000000000000000e+02
1.490000000000000000e+02
1.760000000000000000e+02
2.150000000000000000e+02
2.400000000000000000e+02
2.550000000000000000e+02
2.800000000000000000e+01
5.900000000000000000e+01
7.300000000000000000e+01
1.120000000000000000e+02
1.340000000000000000e+02
1.600000000000000000e+02
2.030000000000000000e+02
2.270000000000000000e+02
2.560000000000000000e+02
1.600000000000000000e+01
4.300000000000000000e+01
8.400000000000000000e+01
1.190000000000000000e+02
1.470000000000000000e+02
1.760000000000000000e+02
1.880000000000000000e+02
2.200000000000000000e+02
2.550000000000000000e+02
2.500000000000000000e+01
5.300000000000000000e+01
7.700000000000000000e+01
1.180000000000000000e+02
1.370000000000000000e+02
1.790000000000000000e+02
2.080000000000000000e+02
2.230000000000000000e+02
2.600000000000000000e+02
2.900000000000000000e+01
4.400000000000000000e+01
8.800000000000000000e+01
1.140000000000000000e+02
1.310000000000000000e+02
1.690000000000000000e+02
1.770000000000000000e+02
2.230000000000000000e+02
2.590000000000000000e+02
1.600000000000000000e+01
5.200000000000000000e+01
9.200000000000000000e+01
1.080000000000000000e+02
1.350000000000000000e+02
1.440000000000000000e+02
1.990000000000000000e+02
2.170000000000000000e+02
2.600000000000000000e+02
1.300000000000000000e+01
5.000000000000000000e+01
9.100000000000000000e+01
1.180000000000000000e+02
1.420000000000000000e+02
1.630000000000000000e+02
1.940000000000000000e+02
2.250000000000000000e+02
2.510000000000000000e+02
