1.990000000000000000e+02
2.550000000000000000e+02
2.660000000000000000e+02
2.590000000000000000e+02
2.410000000000000000e+02
2.280000000000000000e+02
1.960000000000000000e+02
1.410000000000000000e+02
9.100000000000000000e+01
2.080000000000000000e+02
2.240000000000000000e+02
2.210000000000000000e+02
2.320000000000000000e+02
2.110000000000000000e+02
1.970000000000000000e+02
1.710000000000000000e+02
1.610000000000000000e+02
8.200000000000000000e+01
1.980000000000000000e+02
1.890000000000000000e+02
1.800000000000000000e+02
1.610000000000000000e+02
1.400000000000000000e+02
1.260000000000000000e+02
9.400000000000000000e+01
1.000000000000000000e+02
9.400000000000000000e+01
1.970000000000000000e+02
1.330000000000000000e+02
1.070000000000000000e+02
9.200000000000000000e+01
7.500000000000000000e+01
6.800000000000000000e+01
4.900000000000000000e+01
5.400000000000000000e+01
1.010000000000000000e+02
1.670000000000000000e+02
9.900000000000000000e+01
8.000000000000000000e+01
5.700000000000000000e+01
4.300000000000000000e+01
2.700000000000000000e+01
2.500000000000000000e+01
2.300000000000000000e+01
8.100000000000000000e+01
1.920000000000000000e+02
1.460000000000000000e+02
9.400000000000000000e+01
8.800000000000000000e+01
6.000000000000000000e+01
5.300000000000000000e+01
6.200000000000000000e+01
4.800000000000000000e+01
8.400000000000000000e+01
1.870000000000000000e+02
1.580000000000000000e+02
1.500000000000000000e+02
1.620000000000000000e+02
1.310000000000000000e+02
1.220000000000000000e+02
9.900000000000000000e+01
9.700000000000000000e+01
7.200000000000000000e+01
2.010000000000000000e+02
2.320000000000000000e+02
2.420000000000000000e+02
2.170000000000000000e+02
2.090000000000000000e+02
1.740000000000000000e+02
1.530000000000000000e+02
1.270000000000000000e+02
5.600000000000000000e+01
2.040000000000000000e+02
2.410000000000000000e+02
2.310000000000000000e+02
2.550000000000000000e+02
2.390000000000000000e+02
2.360000000000000000e+02
1.900000000000000000e+02
1.490000000000000000e+02
8.700000000000000000e+01
