2.500000000000000000e+01
9.400000000000000000e+01
1.290000000000000000e+02
1.720000000000000000e+02
2.000000000000000000e+02
2.220000000000000000e+02
2.470000000000000000e+02
2.650000000000000000e+02
2.570000000000000000e+02
3.200000000000000000e+01
8.000000000000000000e+01
1.080000000000000000e+02
1.460000000000000000e+02
1.580000000000000000e+02
2.090000000000000000e+02
2.170000000000000000e+02
2.450000000000000000e+02
2.370000000000000000e+02
3.500000000000000000e+01
6.500000000000000000e+01
8.500000000000000000e+01
1.210000000000000000e+02
1.420000000000000000e+02
1.670000000000000000e+02
1.760000000000000000e+02
2.250000000000000000e+02
2.440000000000000000e+02
5.200000000000000000e+01
4.400000000000000000e+01
6.600000000000000000e+01
6.600000000000000000e+01
1.030000000000000000e+02
1.240000000000000000e+02
1.690000000000000000e+02
1.970000000000000000e+02
2.590000000000000000e+02
2.900000000000000000e+01
2.800000000000000000e+01
5.000000000000000000e+01
6.300000000000000000e+01
7.500000000000000000e+01
1.340000000000000000e+02
1.380000000000000000e+02
1.930000000000000000e+02
2.430000000000000000e+02
2.500000000000000000e+01
4.800000000000000000e+01
5.400000000000000000e+01
8.700000000000000000e+01
9.100000000000000000e+01
1.240000000000000000e+02
1.530000000000000000e+02
1.930000000000000000e+02
2.340000000000000000e+02
3.800000000000000000e+01
5.900000000000000000e+01
8.200000000000000000e+01
1.150000000000000000e+02
1.320000000000000000e+02
1.620000000000000000e+02
1.860000000000000000e+02
2.080000000000000000e+02
2.620000000000000000e+02
4.100000000000000000e+01
8.400000000000000000e+01
1.150000000000000000e+02
1.550000000000000000e+02
1.940000000000000000e+02
1.860000000000000000e+02
2.400000000000000000e+02
2.470000000000000000e+02
2.590000000000000000e+02
3.100000000000000000e+01
1.040000000000000000e+02
1.440000000000000000e+02
1.660000000000000000e+02
2.030000000000000000e+02
2.160000000000000000e+02
2.300000000000000000e+02
2.600000000000000000e+02
2.750000000000000000e+02
