3.100000000000000000e+01
7.100000000000000000e+01
1.010000000000000000e+02
1.410000000000000000e+02
1.690000000000000000e+02
1.830000000000000000e+02
2.290000000000000000e+02
2.730000000000000000e+02
2.970000000000000000e+02
2.900000000000000000e+01
6.300000000000000000e+01
9.900000000000000000e+01
1.250000000000000000e+02
1.540000000000000000e+02
1.970000000000000000e+02
2.380000000000000000e+02
2.590000000000000000e+02
2.980000000000000000e+02
3.600000000000000000e+01
6.500000000000000000e+01
8.800000000000000000e+01
1.120000000000000000e+02
1.560000000000000000e+02
1.960000000000000000e+02
2.230000000000000000e+02
2.530000000000000000e+02
2.990000000000000000e+02
2.400000000000000000e+01
5.400000000000000000e+01
8.600000000000000000e+01
1.130000000000000000e+02
1.520000000000000000e+02
1.800000000000000000e+02
2.420000000000000000e+02
2.620000000000000000e+02
2.990000000000000000e+02
2.200000000000000000e+01
6.000000000000000000e+01
1.040000000000000000e+02
1.350000000000000000e+02
1.590000000000000000e+02
1.850000000000000000e+02
2.250000000000000000e+02
2.670000000000000000e+02
2.980000000000000000e+02
1.900000000000000000e+01
7.300000000000000000e+01
9.000000000000000000e+01
1.310000000000000000e+02
1.760000000000000000e+02
1.890000000000000000e+02
2.400000000000000000e+02
2.640000000000000000e+02
2.970000000000000000e+02
1.000000000000000000e+01
4.200000000000000000e+01
8.300000000000000000e+01
1.250000000000000000e+02
1.780000000000000000e+02
2.040000000000000000e+02
2.360000000000000000e+02
2.720000000000000000e+02
2.970000000000000000e+02
1.700000000000000000e+01
6.100000000000000000e+01
9.800000000000000000e+01
1.350000000000000000e+02
1.580000000000000000e+02
2.040000000000000000e+02
2.300000000000000000e+02
2.730000000000000000e+02
3.000000000000000000e+02
1.700000000000000000e+01
5.200000000000000000e+01
8.900000000000000000e+01
1.430000000000000000e+02
1.510000000000000000e+02
1.990000000000000000e+02
2.290000000000000000e+02
2.700000000000000000e+02
2.980000000000000000e+02
