2.740000000000000000e+02
2.940000000000000000e+02
2.810000000000000000e+02
2.490000000000000000e+02
2.270000000000000000e+02
1.850000000000000000e+02
1.420000000000000000e+02
1.010000000000000000e+02
2.900000000000000000e+01
2.860000000000000000e+02
2.780000000000000000e+02
2.550000000000000000e+02
2.370000000000000000e+02
2.040000000000000000e+02
1.490000000000000000e+02
1.280000000000000000e+02
7.900000000000000000e+01
1.500000000000000000e+01
2.810000000000000000e+02
2.520000000000000000e+02
2.140000000000000000e+02
1.900000000000000000e+02
1.430000000000000000e+02
1.150000000000000000e+02
9.200000000000000000e+01
5.800000000000000000e+01
3.800000000000000000e+01
2.890000000000000000e+02
2.150000000000000000e+02
1.970000000000000000e+02
1.260000000000000000e+02
1.040000000000000000e+02
8.300000000000000000e+01
5.300000000000000000e+01
3.000000000000000000e+01
3.000000000000000000e+01
2.840000000000000000e+02
2.130000000000000000e+02
1.600000000000000000e+02
1.160000000000000000e+02
8.700000000000000000e+01
6.100000000000000000e+01
3.500000000000000000e+01
1.600000000000000000e+01
3.200000000000000000e+01
2.830000000000000000e+02
2.170000000000000000e+02
1.670000000000000000e+02
1.390000000000000000e+02
1.060000000000000000e+02
6.700000000000000000e+01
5.400000000000000000e+01
3.900000000000000000e+01
4.300000000000000000e+01
2.820000000000000000e+02
2.470000000000000000e+02
2.260000000000000000e+02
1.820000000000000000e+02
1.570000000000000000e+02
1.230000000000000000e+02
8.000000000000000000e+01
7.100000000000000000e+01
2.900000000000000000e+01
2.820000000000000000e+02
2.740000000000000000e+02
2.590000000000000000e+02
2.320000000000000000e+02
2.190000000000000000e+02
1.570000000000000000e+02
1.220000000000000000e+02
7.000000000000000000e+01
3.000000000000000000e+01
2.800000000000000000e+02
2.920000000000000000e+02
2.750000000000000000e+02
2.620000000000000000e+02
2.200000000000000000e+02
1.940000000000000000e+02
1.520000000000000000e+02
1.050000000000000000e+02
4.200000000000000000e+01
