1.530000000000000000e+02
2.590000000000000000e+02
2.810000000000000000e+02
2.950000000000000000e+02
2.980000000000000000e+02
2.900000000000000000e+02
2.850000000000000000e+02
2.560000000000000000e+02
1.790000000000000000e+02
1.680000000000000000e+02
2.280000000000000000e+02
2.420000000000000000e+02
2.470000000000000000e+02
2.550000000000000000e+02
2.510000000000000000e+02
2.230000000000000000e+02
2.240000000000000000e+02
1.620000000000000000e+02
1.520000000000000000e+02
1.550000000000000000e+02
1.430000000000000000e+02
1.460000000000000000e+02
1.510000000000000000e+02
1.500000000000000000e+02
1.640000000000000000e+02
1.510000000000000000e+02
1.520000000000000000e+02
1.400000000000000000e+02
1.060000000000000000e+02
6.900000000000000000e+01
6.300000000000000000e+01
5.500000000000000000e+01
5.500000000000000000e+01
7.800000000000000000e+01
7.700000000000000000e+01
1.490000000000000000e+02
1.730000000000000000e+02
4.800000000000000000e+01
3.400000000000000000e+01
1.800000000000000000e+01
8.000000000000000000e+00
1.400000000000000000e+01
3.500000000000000000e+01
5.500000000000000000e+01
1.680000000000000000e+02
1.560000000000000000e+02
9.300000000000000000e+01
7.700000000000000000e+01
6.100000000000000000e+01
5.800000000000000000e+01
5.600000000000000000e+01
7.100000000000000000e+01
9.900000000000000000e+01
1.460000000000000000e+02
1.530000000000000000e+02
1.440000000000000000e+02
1.500000000000000000e+02
1.770000000000000000e+02
1.620000000000000000e+02
1.560000000000000000e+02
1.540000000000000000e+02
1.530000000000000000e+02
1.610000000000000000e+02
1.470000000000000000e+02
2.180000000000000000e+02
2.530000000000000000e+02
2.440000000000000000e+02
2.590000000000000000e+02
2.560000000000000000e+02
2.570000000000000000e+02
2.330000000000000000e+02
1.680000000000000000e+02
1.590000000000000000e+02
2.520000000000000000e+02
2.670000000000000000e+02
2.890000000000000000e+02
2.970000000000000000e+02
2.950000000000000000e+02
2.810000000000000000e+02
2.410000000000000000e+02
1.700000000000000000e+02
