3.000000000000000000e+02
2.670000000000000000e+02
2.220000000000000000e+02
1.920000000000000000e+02
1.530000000000000000e+02
1.080000000000000000e+02
7.900000000000000000e+01
4.800000000000000000e+01
1.400000000000000000e+01
2.900000000000000000e+02
2.590000000000000000e+02
2.060000000000000000e+02
1.870000000000000000e+02
1.410000000000000000e+02
1.020000000000000000e+02
8.200000000000000000e+01
3.700000000000000000e+01
1.000000000000000000e+01
2.890000000000000000e+02
2.500000000000000000e+02
2.250000000000000000e+02
1.850000000000000000e+02
1.500000000000000000e+02
1.120000000000000000e+02
8.600000000000000000e+01
5.900000000000000000e+01
8.000000000000000000e+00
2.990000000000000000e+02
2.650000000000000000e+02
2.280000000000000000e+02
1.920000000000000000e+02
1.560000000000000000e+02
1.200000000000000000e+02
8.400000000000000000e+01
5.000000000000000000e+01
1.500000000000000000e+01
2.990000000000000000e+02
2.560000000000000000e+02
2.400000000000000000e+02
1.910000000000000000e+02
1.570000000000000000e+02
1.290000000000000000e+02
8.100000000000000000e+01
6.000000000000000000e+01
1.800000000000000000e+01
2.890000000000000000e+02
2.680000000000000000e+02
2.240000000000000000e+02
1.810000000000000000e+02
1.500000000000000000e+02
1.370000000000000000e+02
9.000000000000000000e+01
5.100000000000000000e+01
1.200000000000000000e+01
2.930000000000000000e+02
2.510000000000000000e+02
2.360000000000000000e+02
1.810000000000000000e+02
1.570000000000000000e+02
1.170000000000000000e+02
8.000000000000000000e+01
5.800000000000000000e+01
1.100000000000000000e+01
2.990000000000000000e+02
2.560000000000000000e+02
2.280000000000000000e+02
1.850000000000000000e+02
1.600000000000000000e+02
1.090000000000000000e+02
8.800000000000000000e+01
5.200000000000000000e+01
2.300000000000000000e+01
2.890000000000000000e+02
2.550000000000000000e+02
2.280000000000000000e+02
2.030000000000000000e+02
1.630000000000000000e+02
1.180000000000000000e+02
8.900000000000000000e+01
5.300000000000000000e+01
1.700000000000000000e+01
