2.420000000000000000e+02
2.870000000000000000e+02
2.960000000000000000e+02
2.810000000000000000e+02
2.900000000000000000e+02
2.510000000000000000e+02
2.210000000000000000e+02
1.980000000000000000e+02
8.900000000000000000e+01
2.120000000000000000e+02
2.510000000000000000e+02
2.620000000000000000e+02
2.540000000000000000e+02
2.370000000000000000e+02
2.030000000000000000e+02
1.900000000000000000e+02
1.660000000000000000e+02
8.300000000000000000e+01
2.270000000000000000e+02
2.010000000000000000e+02
1.850000000000000000e+02
1.740000000000000000e+02
1.530000000000000000e+02
1.380000000000000000e+02
1.140000000000000000e+02
1.080000000000000000e+02
9.000000000000000000e+01
2.220000000000000000e+02
1.460000000000000000e+02
1.200000000000000000e+02
8.000000000000000000e+01
6.900000000000000000e+01
6.200000000000000000e+01
4.500000000000000000e+01
4.900000000000000000e+01
8.200000000000000000e+01
2.190000000000000000e+02
1.200000000000000000e+02
8.100000000000000000e+01
4.000000000000000000e+01
2.700000000000000000e+01
1.800000000000000000e+01
9.000000000000000000e+00
1.700000000000000000e+01
8.700000000000000000e+01
2.300000000000000000e+02
1.560000000000000000e+02
1.250000000000000000e+02
9.300000000000000000e+01
7.000000000000000000e+01
4.700000000000000000e+01
4.400000000000000000e+01
4.600000000000000000e+01
7.700000000000000000e+01
2.360000000000000000e+02
2.030000000000000000e+02
1.960000000000000000e+02
1.740000000000000000e+02
1.620000000000000000e+02
1.310000000000000000e+02
1.180000000000000000e+02
9.500000000000000000e+01
6.500000000000000000e+01
2.220000000000000000e+02
2.680000000000000000e+02
2.670000000000000000e+02
2.560000000000000000e+02
2.510000000000000000e+02
2.220000000000000000e+02
2.060000000000000000e+02
1.600000000000000000e+02
7.700000000000000000e+01
2.330000000000000000e+02
2.970000000000000000e+02
2.980000000000000000e+02
2.950000000000000000e+02
2.790000000000000000e+02
2.560000000000000000e+02
2.300000000000000000e+02
1.850000000000000000e+02
8.500000000000000000e+01
