2.550000000000000000e+02
2.400000000000000000e+02
2.060000000000000000e+02
1.790000000000000000e+02
1.300000000000000000e+02
1.070000000000000000e+02
8.300000000000000000e+01
5.100000000000000000e+01
1.400000000000000000e+01
2.790000000000000000e+02
2.270000000000000000e+02
2.090000000000000000e+02
1.680000000000000000e+02
1.560000000000000000e+02
1.110000000000000000e+02
7.800000000000000000e+01
4.200000000000000000e+01
6.000000000000000000e+00
2.790000000000000000e+02
2.520000000000000000e+02
2.250000000000000000e+02
1.920000000000000000e+02
1.540000000000000000e+02
1.140000000000000000e+02
8.200000000000000000e+01
5.000000000000000000e+01
9.000000000000000000e+00
2.710000000000000000e+02
2.490000000000000000e+02
2.030000000000000000e+02
1.700000000000000000e+02
1.520000000000000000e+02
1.120000000000000000e+02
7.800000000000000000e+01
5.800000000000000000e+01
2.000000000000000000e+01
2.900000000000000000e+02
2.540000000000000000e+02
1.990000000000000000e+02
1.700000000000000000e+02
1.640000000000000000e+02
9.300000000000000000e+01
8.900000000000000000e+01
5.300000000000000000e+01
1.300000000000000000e+01
2.830000000000000000e+02
2.400000000000000000e+02
2.110000000000000000e+02
1.800000000000000000e+02
1.440000000000000000e+02
1.290000000000000000e+02
8.500000000000000000e+01
4.500000000000000000e+01
2.200000000000000000e+01
2.760000000000000000e+02
2.380000000000000000e+02
2.070000000000000000e+02
1.880000000000000000e+02
1.500000000000000000e+02
1.190000000000000000e+02
7.900000000000000000e+01
5.100000000000000000e+01
2.100000000000000000e+01
2.670000000000000000e+02
2.510000000000000000e+02
1.990000000000000000e+02
1.670000000000000000e+02
1.450000000000000000e+02
1.060000000000000000e+02
8.000000000000000000e+01
4.900000000000000000e+01
1.600000000000000000e+01
2.800000000000000000e+02
2.420000000000000000e+02
2.000000000000000000e+02
1.620000000000000000e+02
1.310000000000000000e+02
1.040000000000000000e+02
8.500000000000000000e+01
4.500000000000000000e+01
1.800000000000000000e+01
