2.700000000000000000e+02
2.380000000000000000e+02
2.270000000000000000e+02
1.840000000000000000e+02
1.370000000000000000e+02
1.040000000000000000e+02
8.200000000000000000e+01
6.100000000000000000e+01
2.800000000000000000e+01
2.490000000000000000e+02
2.540000000000000000e+02
2.260000000000000000e+02
2.020000000000000000e+02
1.840000000000000000e+02
1.480000000000000000e+02
1.280000000000000000e+02
8.600000000000000000e+01
2.800000000000000000e+01
2.600000000000000000e+02
2.620000000000000000e+02
2.450000000000000000e+02
2.300000000000000000e+02
1.950000000000000000e+02
1.610000000000000000e+02
1.130000000000000000e+02
1.010000000000000000e+02
2.300000000000000000e+01
2.530000000000000000e+02
2.600000000000000000e+02
2.440000000000000000e+02
2.070000000000000000e+02
1.850000000000000000e+02
1.430000000000000000e+02
1.330000000000000000e+02
8.100000000000000000e+01
2.600000000000000000e+01
2.600000000000000000e+02
2.320000000000000000e+02
2.140000000000000000e+02
1.680000000000000000e+02
1.510000000000000000e+02
1.160000000000000000e+02
8.600000000000000000e+01
5.000000000000000000e+01
3.400000000000000000e+01
2.580000000000000000e+02
2.140000000000000000e+02
1.620000000000000000e+02
1.310000000000000000e+02
1.130000000000000000e+02
7.900000000000000000e+01
5.300000000000000000e+01
2.500000000000000000e+01
2.100000000000000000e+01
2.630000000000000000e+02
1.860000000000000000e+02
1.530000000000000000e+02
1.170000000000000000e+02
8.100000000000000000e+01
5.600000000000000000e+01
3.600000000000000000e+01
2.000000000000000000e+01
3.000000000000000000e+01
2.610000000000000000e+02
2.140000000000000000e+02
1.730000000000000000e+02
1.290000000000000000e+02
1.050000000000000000e+02
7.200000000000000000e+01
5.200000000000000000e+01
3.800000000000000000e+01
3.300000000000000000e+01
2.550000000000000000e+02
2.280000000000000000e+02
1.990000000000000000e+02
1.790000000000000000e+02
1.430000000000000000e+02
1.340000000000000000e+02
8.200000000000000000e+01
5.000000000000000000e+01
2.100000000000000000e+01
