1.500000000000000000e+02
1.350000000000000000e+02
1.500000000000000000e+02
1.540000000000000000e+02
1.410000000000000000e+02
1.560000000000000000e+02
1.600000000000000000e+02
1.570000000000000000e+02
1.460000000000000000e+02
1.400000000000000000e+02
2.040000000000000000e+02
1.950000000000000000e+02
2.510000000000000000e+02
2.420000000000000000e+02
2.380000000000000000e+02
2.270000000000000000e+02
2.140000000000000000e+02
1.380000000000000000e+02
1.550000000000000000e+02
2.540000000000000000e+02
2.710000000000000000e+02
2.650000000000000000e+02
2.840000000000000000e+02
2.830000000000000000e+02
2.610000000000000000e+02
2.260000000000000000e+02
1.380000000000000000e+02
1.400000000000000000e+02
2.050000000000000000e+02
2.270000000000000000e+02
2.440000000000000000e+02
2.340000000000000000e+02
2.340000000000000000e+02
2.350000000000000000e+02
1.950000000000000000e+02
1.400000000000000000e+02
1.470000000000000000e+02
1.600000000000000000e+02
1.610000000000000000e+02
1.510000000000000000e+02
1.380000000000000000e+02
1.410000000000000000e+02
1.530000000000000000e+02
1.340000000000000000e+02
1.630000000000000000e+02
1.360000000000000000e+02
6.300000000000000000e+01
6.000000000000000000e+01
5.900000000000000000e+01
5.300000000000000000e+01
5.000000000000000000e+01
7.200000000000000000e+01
8.400000000000000000e+01
1.580000000000000000e+02
1.460000000000000000e+02
6.800000000000000000e+01
3.100000000000000000e+01
2.400000000000000000e+01
2.100000000000000000e+01
1.900000000000000000e+01
3.100000000000000000e+01
5.400000000000000000e+01
1.450000000000000000e+02
1.460000000000000000e+02
9.100000000000000000e+01
6.500000000000000000e+01
5.000000000000000000e+01
4.700000000000000000e+01
5.800000000000000000e+01
7.000000000000000000e+01
9.300000000000000000e+01
1.420000000000000000e+02
1.470000000000000000e+02
1.450000000000000000e+02
1.470000000000000000e+02
1.360000000000000000e+02
1.370000000000000000e+02
1.500000000000000000e+02
1.410000000000000000e+02
1.360000000000000000e+02
1.310000000000000000e+02
