1.970000000000000000e+02
1.990000000000000000e+02
1.650000000000000000e+02
1.670000000000000000e+02
1.320000000000000000e+02
1.220000000000000000e+02
1.330000000000000000e+02
9.200000000000000000e+01
7.900000000000000000e+01
2.050000000000000000e+02
2.360000000000000000e+02
2.600000000000000000e+02
2.420000000000000000e+02
2.350000000000000000e+02
2.080000000000000000e+02
1.740000000000000000e+02
1.370000000000000000e+02
7.800000000000000000e+01
2.050000000000000000e+02
2.680000000000000000e+02
2.760000000000000000e+02
2.740000000000000000e+02
2.560000000000000000e+02
2.340000000000000000e+02
2.080000000000000000e+02
1.520000000000000000e+02
8.700000000000000000e+01
2.110000000000000000e+02
2.410000000000000000e+02
2.350000000000000000e+02
2.270000000000000000e+02
2.180000000000000000e+02
1.890000000000000000e+02
1.770000000000000000e+02
1.480000000000000000e+02
8.300000000000000000e+01
2.090000000000000000e+02
2.100000000000000000e+02
1.780000000000000000e+02
1.780000000000000000e+02
1.350000000000000000e+02
1.330000000000000000e+02
1.230000000000000000e+02
9.600000000000000000e+01
9.000000000000000000e+01
1.980000000000000000e+02
1.360000000000000000e+02
1.150000000000000000e+02
7.600000000000000000e+01
5.900000000000000000e+01
5.100000000000000000e+01
3.100000000000000000e+01
3.600000000000000000e+01
7.600000000000000000e+01
2.050000000000000000e+02
1.290000000000000000e+02
8.200000000000000000e+01
5.500000000000000000e+01
2.600000000000000000e+01
1.500000000000000000e+01
7.000000000000000000e+00
2.500000000000000000e+01
8.700000000000000000e+01
2.060000000000000000e+02
1.420000000000000000e+02
1.180000000000000000e+02
8.800000000000000000e+01
5.900000000000000000e+01
5.400000000000000000e+01
3.800000000000000000e+01
4.000000000000000000e+01
7.600000000000000000e+01
2.140000000000000000e+02
2.030000000000000000e+02
1.800000000000000000e+02
1.550000000000000000e+02
1.480000000000000000e+02
1.330000000000000000e+02
1.100000000000000000e+02
9.200000000000000000e+01
8.600000000000000000e+01
