2.500000000000000000e+01
5.400000000000000000e+01
7.900000000000000000e+01
1.130000000000000000e+02
1.480000000000000000e+02
1.660000000000000000e+02
2.130000000000000000e+02
2.190000000000000000e+02
2.460000000000000000e+02
2.700000000000000000e+01
6.800000000000000000e+01
1.220000000000000000e+02
1.550000000000000000e+02
1.820000000000000000e+02
1.980000000000000000e+02
2.330000000000000000e+02
2.410000000000000000e+02
2.340000000000000000e+02
3.100000000000000000e+01
8.800000000000000000e+01
1.240000000000000000e+02
1.470000000000000000e+02
1.970000000000000000e+02
2.270000000000000000e+02
2.350000000000000000e+02
2.660000000000000000e+02
2.580000000000000000e+02
2.300000000000000000e+01
8.900000000000000000e+01
1.300000000000000000e+02
1.570000000000000000e+02
1.760000000000000000e+02
2.100000000000000000e+02
2.320000000000000000e+02
2.660000000000000000e+02
2.520000000000000000e+02
3.000000000000000000e+01
5.300000000000000000e+01
7.300000000000000000e+01
1.300000000000000000e+02
1.610000000000000000e+02
1.710000000000000000e+02
2.010000000000000000e+02
2.260000000000000000e+02
2.510000000000000000e+02
3.600000000000000000e+01
4.200000000000000000e+01
5.600000000000000000e+01
7.400000000000000000e+01
1.020000000000000000e+02
1.360000000000000000e+02
1.750000000000000000e+02
2.090000000000000000e+02
2.660000000000000000e+02
2.500000000000000000e+01
1.400000000000000000e+01
3.200000000000000000e+01
5.900000000000000000e+01
8.400000000000000000e+01
1.110000000000000000e+02
1.560000000000000000e+02
1.890000000000000000e+02
2.550000000000000000e+02
2.500000000000000000e+01
2.600000000000000000e+01
4.700000000000000000e+01
7.700000000000000000e+01
9.600000000000000000e+01
1.430000000000000000e+02
1.820000000000000000e+02
1.950000000000000000e+02
2.590000000000000000e+02
3.000000000000000000e+01
5.500000000000000000e+01
8.200000000000000000e+01
1.100000000000000000e+02
1.450000000000000000e+02
1.640000000000000000e+02
2.080000000000000000e+02
2.410000000000000000e+02
2.640000000000000000e+02
