1.350000000000000000e+02
1.000000000000000000e+02
1.160000000000000000e+02
1.310000000000000000e+02
1.430000000000000000e+02
1.640000000000000000e+02
1.630000000000000000e+02
1.980000000000000000e+02
2.000000000000000000e+02
8.500000000000000000e+01
1.410000000000000000e+02
1.850000000000000000e+02
2.100000000000000000e+02
2.250000000000000000e+02
2.470000000000000000e+02
2.520000000000000000e+02
2.320000000000000000e+02
2.300000000000000000e+02
8.500000000000000000e+01
1.680000000000000000e+02
2.360000000000000000e+02
2.420000000000000000e+02
2.610000000000000000e+02
2.750000000000000000e+02
2.770000000000000000e+02
2.900000000000000000e+02
1.990000000000000000e+02
8.900000000000000000e+01
1.370000000000000000e+02
1.840000000000000000e+02
1.850000000000000000e+02
2.130000000000000000e+02
2.490000000000000000e+02
2.500000000000000000e+02
2.600000000000000000e+02
2.080000000000000000e+02
8.300000000000000000e+01
9.600000000000000000e+01
1.160000000000000000e+02
1.360000000000000000e+02
1.520000000000000000e+02
1.510000000000000000e+02
1.870000000000000000e+02
2.020000000000000000e+02
1.990000000000000000e+02
7.900000000000000000e+01
3.400000000000000000e+01
4.300000000000000000e+01
5.000000000000000000e+01
6.500000000000000000e+01
8.800000000000000000e+01
1.050000000000000000e+02
1.440000000000000000e+02
2.230000000000000000e+02
8.300000000000000000e+01
2.700000000000000000e+01
1.000000000000000000e+01
2.100000000000000000e+01
3.700000000000000000e+01
4.100000000000000000e+01
7.200000000000000000e+01
1.150000000000000000e+02
2.210000000000000000e+02
9.300000000000000000e+01
5.100000000000000000e+01
5.000000000000000000e+01
5.700000000000000000e+01
7.100000000000000000e+01
8.100000000000000000e+01
1.010000000000000000e+02
1.380000000000000000e+02
2.030000000000000000e+02
8.500000000000000000e+01
9.400000000000000000e+01
1.220000000000000000e+02
1.490000000000000000e+02
1.410000000000000000e+02
1.600000000000000000e+02
1.660000000000000000e+02
1.820000000000000000e+02
2.100000000000000000e+02
