8.000000000000000000e+00
3.800000000000000000e+01
8.700000000000000000e+01
9.200000000000000000e+01
1.540000000000000000e+02
1.820000000000000000e+02
2.060000000000000000e+02
2.400000000000000000e+02
2.620000000000000000e+02
1.800000000000000000e+01
6.200000000000000000e+01
7.800000000000000000e+01
1.160000000000000000e+02
1.420000000000000000e+02
1.680000000000000000e+02
2.160000000000000000e+02
2.360000000000000000e+02
2.530000000000000000e+02
1.800000000000000000e+01
4.500000000000000000e+01
8.400000000000000000e+01
1.060000000000000000e+02
1.510000000000000000e+02
1.600000000000000000e+02
2.170000000000000000e+02
2.510000000000000000e+02
2.790000000000000000e+02
2.000000000000000000e+01
4.100000000000000000e+01
8.400000000000000000e+01
9.900000000000000000e+01
1.470000000000000000e+02
1.670000000000000000e+02
2.160000000000000000e+02
2.350000000000000000e+02
2.670000000000000000e+02
1.900000000000000000e+01
4.400000000000000000e+01
7.400000000000000000e+01
1.200000000000000000e+02
1.520000000000000000e+02
1.800000000000000000e+02
2.100000000000000000e+02
2.520000000000000000e+02
2.730000000000000000e+02
1.500000000000000000e+01
6.200000000000000000e+01
9.000000000000000000e+01
1.120000000000000000e+02
1.490000000000000000e+02
1.840000000000000000e+02
2.220000000000000000e+02
2.370000000000000000e+02
2.630000000000000000e+02
6.000000000000000000e+00
4.000000000000000000e+01
8.500000000000000000e+01
1.110000000000000000e+02
1.530000000000000000e+02
1.740000000000000000e+02
2.150000000000000000e+02
2.500000000000000000e+02
2.750000000000000000e+02
2.100000000000000000e+01
5.400000000000000000e+01
7.100000000000000000e+01
1.060000000000000000e+02
1.430000000000000000e+02
1.670000000000000000e+02
2.090000000000000000e+02
2.500000000000000000e+02
2.820000000000000000e+02
1.000000000000000000e+01
3.700000000000000000e+01
8.400000000000000000e+01
1.160000000000000000e+02
1.410000000000000000e+02
1.820000000000000000e+02
2.030000000000000000e+02
2.320000000000000000e+02
2.820000000000000000e+02
